START 0.183206106870229 0.173095703125 -0.014404296875 2 -2.404580152671756 3.7022900763358777 END
START 1.8702290076335877 0.1806640625 -0.040771484375 3 -1.9312977099236641 -1.2595419847328244 END
START 2.1374045801526718 0.175537109375 -0.0166015625 4 -3.099236641221374 -2.1374045801526718 END
START 2.198473282442748 0.171142578125 -0.00146484375 5 -2.3206106870229006 -6.259541984732825 END
START 2.0916030534351147 0.1640625 -0.044189453125 6 -1.3282442748091603 -8.083969465648854 END
START 1.1374045801526718 0.19873046875 -0.010009765625 7 0.6259541984732825 -9.022900763358779 END
START -0.030534351145038167 0.178955078125 -0.010986328125 8 3.122137404580153 -9.954198473282442 END
START 0.3969465648854962 0.205810546875 -0.068359375 9 4.786259541984733 -12.145038167938932 END
START 0.8702290076335878 0.205078125 -0.07177734375 10 7.351145038167939 -15.129770992366412 END
START 0.45038167938931295 0.21875 -0.0244140625 11 8.404580152671755 -16.396946564885496 END
START 0.46564885496183206 0.3515625 -0.042724609375 12 10.442748091603054 -15.48091603053435 END
START -11.206106870229007 0.60931396484375 -1.45263671875 13 -6.358778625954199 34.86259541984733 END
START 1.1297709923664123 0.432861328125 -0.32958984375 14 21.198473282442748 1.6106870229007633 END
START -0.183206106870229 0.171875 0.24609375 15 -8.83206106870229 -13.206106870229007 END
START -2.0610687022900764 0.266845703125 0.031494140625 16 -5.251908396946565 -8.900763358778626 END
START -0.9007633587786259 0.226318359375 -0.0869140625 17 -0.13740458015267176 -2.480916030534351 END
START -1.1374045801526718 0.25341796875 -0.010498046875 18 1.9389312977099236 0.8549618320610687 END
START -0.6412213740458015 0.27392578125 -0.000732421875 19 2.9236641221374047 0.03816793893129771 END
START 0.7022900763358778 0.283935546875 -0.010009765625 20 0.33587786259541985 -1.8854961832061068 END
START 1.7557251908396947 0.294921875 -0.002197265625 21 1.4809160305343512 -0.4122137404580153 END
START 0.26717557251908397 0.3076171875 0.061767578125 22 0.8549618320610687 2.4122137404580153 END
START 0.5877862595419847 0.290283203125 0.000732421875 23 -0.35877862595419846 3.0916030534351147 END
START 0.366412213740458 0.270751953125 -0.00634765625 24 -0.3053435114503817 1.633587786259542 END
START 0.40458015267175573 0.252197265625 0.013671875 25 -0.8702290076335878 0.09923664122137404 END
START 0.6793893129770993 0.25634765625 -0.014892578125 26 -1.9465648854961832 -1.5190839694656488 END
START 0.5954198473282443 0.26318359375 0.01416015625 27 -0.5419847328244275 -1.0229007633587786 END
START 0.8854961832061069 0.28173828125 0.00732421875 28 -1.1297709923664123 -1.7404580152671756 END
START 0.6564885496183206 0.30810546875 -0.000244140625 29 -1.0076335877862594 -0.2748091603053435 END
START 0.46564885496183206 0.32470703125 -0.00537109375 30 -0.3969465648854962 0.366412213740458 END
START 0.030534351145038167 0.2978515625 -0.013916015625 31 -0.1984732824427481 1.465648854961832 END
START 0.32061068702290074 0.278564453125 0.009033203125 32 -0.37404580152671757 0.7251908396946565 END
START 0.8015267175572519 0.27685546875 -0.0068359375 33 -0.31297709923664124 0.9007633587786259 END
START 0.42748091603053434 0.256103515625 0.003662109375 34 -0.5267175572519084 0.6106870229007634 END
START 0.3816793893129771 0.263671875 -0.014404296875 35 0.3511450381679389 -0.6793893129770993 END
START -0.09923664122137404 0.262939453125 0.022705078125 36 -0.15267175572519084 -0.549618320610687 END
START -0.13740458015267176 0.263916015625 -0.00244140625 37 0.007633587786259542 -0.7709923664122137 END
START -0.03816793893129771 0.27783203125 0.003662109375 38 -0.11450381679389313 -1.0229007633587786 END
START 0.08396946564885496 0.30419921875 0.0146484375 39 -0.4580152671755725 -0.1297709923664122 END
START 0.32061068702290074 0.305419921875 -0.01123046875 40 -0.7251908396946565 0.15267175572519084 END
START 0.08396946564885496 0.28515625 0.00390625 41 -0.5877862595419847 0.7251908396946565 END
START -0.08396946564885496 0.27587890625 -0.002197265625 42 -0.05343511450381679 0.6106870229007634 END
START -0.7099236641221374 0.279052734375 0.008056640625 43 0.32061068702290074 0.732824427480916 END
START -0.061068702290076333 0.27734375 -0.015380859375 44 0.21374045801526717 1.916030534351145 END
START -0.26717557251908397 0.292236328125 0.00634765625 45 0.3435114503816794 0.6335877862595419 END
START 0.1297709923664122 0.29248046875 -0.004638671875 46 0.5877862595419847 0.3282442748091603 END
START 0.022900763358778626 0.2958984375 0.013671875 47 0.21374045801526717 0.3435114503816794 END
START 0.10687022900763359 0.275634765625 0.006103515625 48 -0.1297709923664122 0.11450381679389313 END
START 0.0916030534351145 0.26611328125 0.008056640625 49 -0.4122137404580153 0.11450381679389313 END
START 0.015267175572519083 0.27099609375 0.008544921875 50 -0.6335877862595419 1.9465648854961832 END
START 0.13740458015267176 0.267822265625 0.0 51 -0.6335877862595419 -0.32061068702290074 END
START 0.09923664122137404 0.283447265625 0.0029296875 52 -0.8244274809160306 -0.06870229007633588 END
START 0.13740458015267176 0.28076171875 -0.008056640625 53 -0.04580152671755725 -0.24427480916030533 END
START -0.11450381679389313 0.284912109375 0.004638671875 54 -0.13740458015267176 -0.09923664122137404 END
START -0.03816793893129771 0.288818359375 -0.006103515625 55 0.04580152671755725 -0.09923664122137404 END
START 0.32061068702290074 0.285888671875 -0.002197265625 56 -0.17557251908396945 0.22137404580152673 END
START 0.022900763358778626 0.28466796875 0.009521484375 57 1.900763358778626 0.4351145038167939 END
START 0.22900763358778625 0.28173828125 -0.00537109375 58 0.25190839694656486 0.5725190839694656 END
START 0.04580152671755725 0.278564453125 0.004638671875 59 0.3053435114503817 0.5877862595419847 END
START 0.08396946564885496 0.266845703125 0.001708984375 60 0.06870229007633588 0.6946564885496184 END
START 0.13740458015267176 0.284912109375 -0.0068359375 61 0.09923664122137404 0.12213740458015267 END
START 0.0 0.281005859375 0.0048828125 62 -0.48091603053435117 -0.15267175572519084 END
START -0.03816793893129771 0.287109375 0.006103515625 63 -0.6870229007633588 0.07633587786259542 END
START 0.030534351145038167 0.27734375 0.003173828125 64 -0.5725190839694656 -0.32061068702290074 END
START -0.03816793893129771 0.279296875 0.002197265625 65 -0.44274809160305345 -0.030534351145038167 END
START 0.2900763358778626 0.295654296875 -0.009521484375 66 -0.22137404580152673 -0.33587786259541985 END
START 0.32061068702290074 0.281982421875 0.002197265625 67 -0.40458015267175573 -0.05343511450381679 END
START 0.5648854961832062 0.280517578125 -0.00390625 68 0.0916030534351145 -0.2824427480916031 END