START 1.6106870229007633 0.311767578125 -0.029541015625 2 -2.7022900763358777 13.320610687022901 END
START 1.282442748091603 0.28955078125 0.004150390625 3 -2.954198473282443 12.893129770992367 END
START 0.4580152671755725 0.23681640625 0.026611328125 4 -3.404580152671756 13.351145038167939 END
START -0.16793893129770993 0.200927734375 0.017578125 5 -3.450381679389313 9.213740458015268 END
START -0.022900763358778626 0.186767578125 -0.001220703125 6 -2.5343511450381677 7.564885496183206 END
START -0.24427480916030533 0.185302734375 -0.019775390625 7 -1.9389312977099236 6.740458015267175 END
START -0.17557251908396945 0.15869140625 -0.021240234375 8 -2.1297709923664123 5.877862595419847 END
START 0.06870229007633588 0.19873046875 -0.04541015625 9 -1.3740458015267176 4.9541984732824424 END
START 0.2366412213740458 0.201904296875 -0.041259765625 10 -1.16793893129771 3.8091603053435112 END
START 0.2824427480916031 0.2138671875 0.00244140625 11 -1.6946564885496183 4.137404580152672 END
START 0.16793893129770993 0.240478515625 -0.00146484375 12 -3.0763358778625953 4.572519083969466 END
START 0.4351145038167939 0.24169921875 0.00390625 13 -3.6030534351145036 4.251908396946565 END
START 0.7099236641221374 0.263427734375 -0.00439453125 14 -3.7709923664122136 4.427480916030534 END
START 0.8015267175572519 0.290771484375 -0.001708984375 15 -4.351145038167939 5.511450381679389 END
START 1.2671755725190839 0.28759765625 -0.0068359375 16 -4.709923664122138 6.00763358778626 END
START 1.7938931297709924 0.28466796875 -0.007568359375 17 -4.587786259541985 6.595419847328245 END
START 1.8473282442748091 0.266357421875 -0.004150390625 18 -4.129770992366412 7.076335877862595 END
START 1.3282442748091603 0.279052734375 -0.015625 19 -4.984732824427481 8.740458015267176 END
START 1.3435114503816794 0.24853515625 0.010009765625 20 -5.183206106870229 7.938931297709924 END
START 1.8396946564885497 0.235595703125 -0.03857421875 21 -5.67175572519084 7.458015267175573 END
START 1.3969465648854962 0.2099609375 -0.011474609375 22 -3.6106870229007635 6.290076335877862 END
START 1.3511450381679388 0.192626953125 -0.04150390625 23 -3.931297709923664 5.66412213740458 END
START 1.5114503816793894 0.177734375 -0.06787109375 24 -2.435114503816794 4.3893129770992365 END
START 2.0610687022900764 0.181640625 -0.085205078125 25 -1.3206106870229009 2.2519083969465647 END
START 1.5877862595419847 0.177978515625 -0.046142578125 26 -0.9923664122137404 1.7938931297709924 END
START 1.1297709923664123 0.165283203125 -0.026611328125 27 -0.7938931297709924 2.145038167938931 END
START 1.0763358778625953 0.169189453125 -0.040771484375 28 -0.4351145038167939 3.8702290076335877 END
START 1.2748091603053435 0.185791015625 -0.057861328125 29 0.015267175572519083 1.3053435114503817 END
START 1.3435114503816794 0.172607421875 -0.055419921875 30 0.7633587786259542 1.099236641221374 END
START 1.381679389312977 0.197265625 -0.061279296875 31 0.6259541984732825 1.0229007633587786 END
START 1.5038167938931297 0.204833984375 -0.042236328125 32 0.8931297709923665 0.9465648854961832 END
START 1.5954198473282444 0.211181640625 -0.03369140625 33 1.1221374045801527 0.9312977099236641 END
START 1.5114503816793894 0.215087890625 -0.031005859375 34 1.3358778625954197 1.183206106870229 END
START 1.4580152671755726 0.21923828125 -0.0224609375 35 1.0458015267175573 1.5877862595419847 END
START 1.3969465648854962 0.229248046875 -0.030029296875 36 0.7557251908396947 1.816793893129771 END
START 1.5419847328244274 0.225341796875 -0.030517578125 37 0.8702290076335878 1.4809160305343512 END
START 1.3587786259541985 0.214599609375 -0.01513671875 38 0.9007633587786259 0.8015267175572519 END
START 1.1908396946564885 0.195068359375 -0.016357421875 39 0.8244274809160306 0.5038167938931297 END
START 0.9694656488549618 0.18017578125 -0.01904296875 40 0.6793893129770993 0.1450381679389313 END
START 1.1374045801526718 0.16845703125 -0.035888671875 41 0.366412213740458 -0.5801526717557252 END
START 1.4732824427480915 0.173095703125 -0.048583984375 42 0.8931297709923665 -1.6412213740458015 END
START 1.0458015267175573 0.16259765625 -0.017822265625 43 1.1374045801526718 -2.618320610687023 END
START 0.4732824427480916 0.163330078125 -0.004638671875 44 0.45038167938931295 -2.5343511450381677 END
START 0.183206106870229 0.167724609375 -0.01025390625 45 0.24427480916030533 -2.4732824427480917 END
START -0.030534351145038167 0.16943359375 -0.00634765625 46 0.2595419847328244 -2.954198473282443 END
START -0.25190839694656486 0.156982421875 -0.028076171875 47 0.5114503816793893 -3.66412213740458 END
START -0.5419847328244275 0.17626953125 -0.02197265625 48 0.5114503816793893 -4.175572519083969 END
START -0.9541984732824428 0.178955078125 -0.029052734375 49 0.44274809160305345 -4.862595419847328 END
START -0.916030534351145 0.180419921875 -0.055908203125 50 0.7480916030534351 -6.076335877862595 END
START -0.42748091603053434 0.19970703125 -0.07958984375 51 1.4274809160305344 -6.778625954198473 END
START -0.0916030534351145 0.210693359375 -0.093994140625 52 1.4427480916030535 -7.748091603053435 END
START 0.3816793893129771 0.219970703125 -0.1103515625 53 2.595419847328244 -9.732824427480915 END
START 1.4427480916030535 0.22314453125 -0.13623046875 54 3.9923664122137406 -11.114503816793894 END
START 2.2748091603053435 0.23681640625 -0.13671875 55 4.847328244274809 -10.740458015267176 END
START 2.1526717557251906 0.2392578125 -0.079833984375 56 4.99236641221374 -12.122137404580153 END
START 3.3282442748091605 0.2236328125 -0.103271484375 57 6.519083969465649 -14.526717557251908 END
START 3.763358778625954 0.246337890625 -0.074462890625 58 8.977099236641221 -16.52671755725191 END
START 2.6106870229007635 0.199951171875 0.070556640625 59 9.465648854961833 -16.49618320610687 END
START 0.5725190839694656 0.169677734375 0.174072265625 60 5.923664122137405 -14.938931297709924 END
START -1.4961832061068703 0.180908203125 0.196044921875 61 3.4427480916030535 -13.648854961832061 END
START -2.282442748091603 0.228271484375 0.1640625 62 2.2595419847328246 -14.16030534351145 END
START -3.2213740458015265 0.283203125 0.10693359375 63 0.9236641221374046 -15.534351145038167 END
START -3.6946564885496183 0.3408203125 0.06591796875 64 -1.0229007633587786 -11.045801526717558 END
START -3.0076335877862594 0.3720703125 0.013427734375 65 -2.7938931297709924 -10.007633587786259 END
START -2.1297709923664123 0.39404296875 -0.044921875 66 -2.633587786259542 -9.404580152671755 END
START -1.6259541984732824 0.408203125 -0.055908203125 67 -2.5114503816793894 -7.99236641221374 END
START -0.5648854961832062 0.398681640625 -0.07177734375 68 -3.1755725190839694 -6.526717557251908 END
START 0.11450381679389313 0.38916015625 -0.0732421875 69 -3.351145038167939 -5.893129770992366 END
START 0.022900763358778626 0.357421875 -0.025146484375 70 -3.4198473282442747 -5.458015267175573 END
START 0.07633587786259542 0.31005859375 -0.00830078125 71 -3.5343511450381677 -5.5038167938931295 END
START 0.2900763358778626 0.31005859375 -0.0185546875 72 -3.0916030534351147 -5.519083969465649 END
START 0.7709923664122137 0.320556640625 -0.0537109375 73 -2.1374045801526718 -4.519083969465649 END
START 0.5877862595419847 0.311767578125 -0.03076171875 74 -1.5572519083969465 -3.7251908396946565 END
START 0.4961832061068702 0.296630859375 -0.03857421875 75 -0.916030534351145 -3.2061068702290076 END
START 0.8091603053435115 0.2998046875 -0.063720703125 76 0.4351145038167939 -2.366412213740458 END
START 0.7251908396946565 0.307373046875 -0.046875 77 0.7099236641221374 -1.5725190839694656 END
START 0.8396946564885496 0.313232421875 -0.04443359375 78 0.6030534351145038 -1.3129770992366412 END
START 1.0687022900763359 0.313720703125 -0.0576171875 79 1.1603053435114503 -1.534351145038168 END
START 1.1374045801526718 0.28173828125 -0.040283203125 80 1.465648854961832 -1.549618320610687 END
START 0.7404580152671756 0.28857421875 -0.001953125 81 1.0 -1.1374045801526718 END
START 0.7022900763358778 0.286865234375 -0.006591796875 82 7.3816793893129775 9.687022900763358 END
START -0.7786259541984732 0.1025390625 0.06298828125 83 0.6641221374045801 7.244274809160306 END
START -0.4122137404580153 0.28857421875 0.0283203125 84 3.50381679389313 4.748091603053435 END
START 0.2824427480916031 0.305908203125 -0.067626953125 85 2.2519083969465647 2.717557251908397 END
START 0.9618320610687023 0.2900390625 0.01123046875 86 1.4961832061068703 2.435114503816794 END
START 1.916030534351145 0.271240234375 0.02734375 87 2.6106870229007635 2.1755725190839694 END
START -0.2595419847328244 0.276123046875 0.025146484375 88 0.7786259541984732 1.1603053435114503 END
START 0.1297709923664122 0.274658203125 -0.007568359375 89 -0.33587786259541985 1.6412213740458015 END
START 0.11450381679389313 0.294189453125 -0.009033203125 90 0.37404580152671757 1.8854961832061068 END
START -0.20610687022900764 0.28857421875 -0.0087890625 91 0.7251908396946565 2.4580152671755724 END
START -0.183206106870229 0.262939453125 0.00634765625 92 -0.9007633587786259 2.030534351145038 END
START 0.15267175572519084 0.294189453125 -0.037353515625 93 0.8702290076335878 1.2900763358778626 END
START -1.3969465648854962 0.272705078125 -0.01513671875 94 -0.5801526717557252 -0.29770992366412213 END
START -0.7709923664122137 0.266357421875 -0.02685546875 95 -1.4351145038167938 -1.7709923664122138 END
START -0.22900763358778625 0.281005859375 -0.0205078125 96 -0.7175572519083969 -1.015267175572519 END
START 0.11450381679389313 0.26953125 -0.01416015625 97 -1.8015267175572518 0.8015267175572519 END
START 0.3969465648854962 0.251708984375 -0.001220703125 98 1.816793893129771 0.5343511450381679 END
START 0.6030534351145038 0.2783203125 -0.006103515625 99 -0.42748091603053434 -0.2900763358778626 END
START 0.48091603053435117 0.294921875 -0.00537109375 100 -0.9770992366412213 -0.6717557251908397 END
START -0.648854961832061 0.2734375 -0.004150390625 101 0.5419847328244275 -0.4198473282442748 END
START -0.2824427480916031 0.27392578125 -0.003662109375 102 -0.6335877862595419 -1.0458015267175573 END
START 0.13740458015267176 0.292724609375 -0.027587890625 103 -1.16793893129771 -1.4045801526717556 END
START -0.8702290076335878 0.285888671875 0.003662109375 104 -0.1297709923664122 -1.5114503816793894 END
START -0.5572519083969466 0.2939453125 -0.04150390625 105 -0.19083969465648856 -1.2900763358778626 END
START -0.03816793893129771 0.2822265625 -0.01318359375 106 -1.1603053435114503 -2.0763358778625953 END
START -0.0916030534351145 0.28271484375 -0.01123046875 107 -1.2595419847328244 -1.8625954198473282 END
START 0.1450381679389313 0.28564453125 -0.00146484375 108 -0.9923664122137404 -1.0 END
START 0.015267175572519083 0.286865234375 -0.01025390625 109 -0.12213740458015267 0.8015267175572519 END
START 0.13740458015267176 0.289306640625 -0.004638671875 110 0.5190839694656488 0.8854961832061069 END
START 0.16793893129770993 0.28662109375 -0.0048828125 111 -0.183206106870229 0.31297709923664124 END
START 0.29770992366412213 0.284912109375 -0.00732421875 112 -0.6030534351145038 -0.4122137404580153 END
START 0.1450381679389313 0.30859375 -0.009765625 113 -0.8549618320610687 -1.4274809160305344 END
START 0.44274809160305345 0.293701171875 -0.02197265625 114 -1.4045801526717556 -1.9694656488549618 END
START -1.9541984732824427 0.303466796875 -0.001220703125 115 -1.1221374045801527 1.251908396946565 END
START 0.022900763358778626 0.283203125 -0.02001953125 116 0.29770992366412213 -0.03816793893129771 END
START -0.09923664122137404 0.28125 -0.009765625 117 -0.0916030534351145 0.030534351145038167 END
START -0.03816793893129771 0.286865234375 -0.006103515625 118 0.22137404580152673 -0.4198473282442748 END
START 0.22137404580152673 0.29150390625 -0.019287109375 119 0.05343511450381679 -0.4732824427480916 END
START 0.19083969465648856 0.28662109375 -0.00390625 120 -0.22137404580152673 -0.3893129770992366 END
START 0.3969465648854962 0.29931640625 -0.02294921875 121 -0.16030534351145037 0.07633587786259542 END
START 0.5267175572519084 0.299560546875 -0.031005859375 122 -0.030534351145038167 0.32061068702290074 END
START 0.4351145038167939 0.29833984375 -0.00634765625 123 -0.04580152671755725 0.4122137404580153 END
START 0.3435114503816794 0.286865234375 -0.0078125 124 0.0 0.4351145038167939 END
START 0.03816793893129771 0.28564453125 -0.0048828125 125 -0.183206106870229 0.2824427480916031 END
START -0.09923664122137404 0.294189453125 -0.00732421875 126 -0.35877862595419846 -0.6259541984732825 END
START -0.04580152671755725 0.282958984375 -0.016357421875 127 -0.16793893129770993 -0.8091603053435115 END
START -0.061068702290076333 0.278564453125 -0.010986328125 128 -0.12213740458015267 -0.8091603053435115 END
START 0.04580152671755725 0.233154296875 0.015869140625 129 -0.6106870229007634 1.297709923664122 END
START -0.37404580152671757 0.30078125 -0.016845703125 130 0.1450381679389313 -0.42748091603053434 END
START -0.15267175572519084 0.285400390625 -0.02734375 131 -0.6564885496183206 -1.1755725190839694 END
START 0.1297709923664122 0.298583984375 -0.02685546875 132 0.6412213740458015 0.8931297709923665 END
START 0.061068702290076333 0.292724609375 -0.010009765625 133 0.20610687022900764 0.366412213740458 END
START -0.20610687022900764 0.284912109375 -0.00537109375 134 -0.05343511450381679 0.2595419847328244 END
START -0.15267175572519084 0.28662109375 -0.005615234375 135 0.20610687022900764 0.19083969465648856 END
START 0.09923664122137404 0.290283203125 -0.011962890625 136 0.12213740458015267 -0.007633587786259542 END