START 0.6106870229007634 0.269287109375 0.0439453125 2 2.0839694656488548 10.312977099236642 END
START 0.7404580152671756 0.2763671875 0.025634765625 3 1.183206106870229 11.16030534351145 END
START 0.7175572519083969 0.245849609375 0.00390625 4 1.8931297709923665 11.198473282442748 END
START 0.32061068702290074 0.257080078125 0.029296875 5 3.0381679389312977 11.763358778625955 END
START 0.20610687022900764 0.250732421875 0.044677734375 6 1.4427480916030535 11.732824427480915 END
START -0.40458015267175573 0.25537109375 0.027587890625 7 0.007633587786259542 14.01526717557252 END
START -0.5572519083969466 0.2412109375 0.011474609375 8 0.29770992366412213 15.618320610687023 END
START -1.366412213740458 0.213623046875 0.05126953125 9 -0.32061068702290074 12.511450381679388 END
START -0.061068702290076333 0.204345703125 0.060546875 10 -1.6030534351145038 11.885496183206106 END
START -2.564885496183206 0.192626953125 0.028564453125 11 -2.572519083969466 10.916030534351146 END
START -2.312977099236641 0.190673828125 -0.005126953125 12 -2.954198473282443 9.007633587786259 END
START -1.8396946564885497 0.218994140625 -0.033447265625 13 -1.9923664122137406 7.969465648854962 END
START -1.8778625954198473 0.228271484375 -0.018310546875 14 -2.16793893129771 7.251908396946565 END
START -2.519083969465649 0.231201171875 0.0234375 15 -3.0229007633587788 7.603053435114504 END
START -3.053435114503817 0.23974609375 0.022705078125 16 -4.595419847328245 8.244274809160306 END
START -3.50381679389313 0.24462890625 0.00537109375 17 -5.7251908396946565 7.862595419847328 END
START -3.2061068702290076 0.24658203125 -0.0419921875 18 -5.450381679389313 7.022900763358779 END
START -3.0229007633587788 0.254638671875 -0.062255859375 19 -5.458015267175573 7.213740458015267 END
START -3.4732824427480917 0.220947265625 -0.019287109375 20 -4.480916030534351 7.244274809160306 END
START -2.8091603053435112 0.191650390625 -0.0751953125 21 -2.7251908396946565 4.816793893129771 END
START -0.6946564885496184 0.2119140625 -0.078857421875 22 -0.8931297709923665 3.282442748091603 END
START -0.2824427480916031 0.189697265625 -0.07421875 23 0.7938931297709924 1.5419847328244274 END
START -1.0381679389312977 0.18798828125 -0.015869140625 24 0.4961832061068702 1.1450381679389312 END
START 0.2900763358778626 0.181396484375 -0.065185546875 25 1.7404580152671756 -0.7862595419847328 END
START 0.9541984732824428 0.187744140625 -0.05419921875 26 2.427480916030534 -2.4427480916030535 END
START 2.8396946564885495 0.212158203125 -0.051513671875 27 2.1603053435114505 -3.480916030534351 END
START 4.190839694656488 0.195068359375 -0.06201171875 28 4.442748091603053 -7.076335877862595 END
START 4.145038167938932 0.215087890625 -0.040771484375 29 2.9770992366412212 -7.4961832061068705 END
START 2.3893129770992365 0.198486328125 0.0224609375 30 1.0610687022900764 -8.763358778625955 END
START 0.11450381679389313 0.18017578125 0.070556640625 31 -2.5572519083969465 -9.236641221374045 END
START -0.4198473282442748 0.183349609375 0.045166015625 32 -3.366412213740458 -11.320610687022901 END
START 1.916030534351145 0.21875 -0.04052734375 33 -2.427480916030534 -11.038167938931299 END
START 0.5648854961832062 0.25390625 -0.048828125 34 -2.4427480916030535 -13.01526717557252 END
START 1.8702290076335877 0.30078125 -0.107421875 35 -0.6412213740458015 -11.977099236641221 END
START 1.0 0.326416015625 -0.02880859375 36 -0.8015267175572519 -8.526717557251908 END
START 0.03816793893129771 0.3173828125 0.006591796875 37 -1.83206106870229 -6.343511450381679 END
START 0.7557251908396947 0.3408203125 -0.037841796875 38 -1.4274809160305344 -4.702290076335878 END
START 1.0229007633587786 0.303955078125 -0.065185546875 39 0.183206106870229 -3.717557251908397 END
START 2.1374045801526718 0.27783203125 -0.074951171875 40 0.5954198473282443 -4.809160305343512 END
START 0.07633587786259542 0.2236328125 0.023681640625 41 1.7786259541984732 -4.458015267175573 END
START -0.8015267175572519 0.208251953125 0.001953125 42 -0.5725190839694656 -6.541984732824427 END
START -1.0687022900763359 0.234375 -0.019775390625 43 -0.7633587786259542 -6.900763358778626 END
START -1.0458015267175573 0.261962890625 -0.004150390625 44 -1.1908396946564885 -8.465648854961833 END
START -0.3282442748091603 0.3291015625 -0.076416015625 45 -1.2595419847328244 -6.633587786259542 END
START 0.04580152671755725 0.382080078125 -0.050537109375 46 -1.7786259541984732 -5.641221374045801 END
START -1.9389312977099236 0.37841796875 -0.040283203125 47 -2.6946564885496183 -1.7709923664122138 END
START 0.7480916030534351 0.357421875 -0.071533203125 48 -1.6946564885496183 -3.877862595419847 END
START 0.9847328244274809 0.312744140625 -0.05859375 49 -1.5725190839694656 -1.3358778625954197 END
START 0.6335877862595419 0.298583984375 -0.09375 50 0.10687022900763359 2.1603053435114505 END
START 0.5267175572519084 0.262451171875 -0.02734375 51 0.32061068702290074 4.595419847328245 END
START 0.44274809160305345 0.281494140625 -0.055908203125 52 5.183206106870229 7.267175572519084 END
START 0.8854961832061069 0.30322265625 -0.05859375 53 5.1679389312977095 9.15267175572519 END
START 0.16793893129770993 0.3408203125 -0.073974609375 54 6.129770992366412 9.419847328244275 END
START 1.2290076335877862 0.300537109375 -0.042724609375 55 6.8396946564885495 5.564885496183206 END
START 0.6183206106870229 0.294189453125 0.017333984375 56 0.030534351145038167 0.7709923664122137 END
START 0.5267175572519084 0.272216796875 -0.029052734375 57 -0.9694656488549618 -0.48091603053435117 END
START -0.6641221374045801 0.288330078125 -0.004638671875 58 -0.9312977099236641 -2.122137404580153 END
START -0.22137404580152673 0.28173828125 -0.04443359375 59 -1.450381679389313 -1.8244274809160306 END
START -0.5190839694656488 0.2919921875 -0.025146484375 60 -1.83206106870229 -1.015267175572519 END
START -0.40458015267175573 0.293212890625 -0.037841796875 61 -0.44274809160305345 -1.5572519083969465 END
START 0.11450381679389313 0.31103515625 -0.052490234375 62 -1.6641221374045803 -3.0610687022900764 END
START -0.08396946564885496 0.285400390625 -0.00439453125 63 -2.7557251908396947 -4.213740458015267 END
START -0.015267175572519083 0.271484375 -0.025146484375 64 -3.9160305343511452 -4.458015267175573 END
START 0.22137404580152673 0.279052734375 -0.031005859375 65 -2.404580152671756 -3.236641221374046 END
START 0.13740458015267176 0.304931640625 -0.013427734375 66 -1.5190839694656488 1.534351145038168 END
START 0.37404580152671757 0.28857421875 -0.026123046875 67 -0.2595419847328244 0.48854961832061067 END
START 0.549618320610687 0.298583984375 -0.03857421875 68 0.2824427480916031 1.9083969465648856 END
START 0.3435114503816794 0.299072265625 -0.025146484375 69 0.22137404580152673 -0.15267175572519084 END
START 0.46564885496183206 0.30712890625 -0.04052734375 70 0.816793893129771 0.2824427480916031 END
START 0.35877862595419846 0.283935546875 -0.018310546875 71 0.366412213740458 0.5419847328244275 END
START -0.21374045801526717 0.284423828125 -0.00537109375 72 0.16030534351145037 0.8320610687022901 END
START -0.33587786259541985 0.286376953125 -0.020751953125 73 0.24427480916030533 0.8091603053435115 END
START -0.37404580152671757 0.281005859375 -0.026123046875 74 0.5114503816793893 0.9236641221374046 END
START -0.5877862595419847 0.281494140625 -0.013916015625 75 0.13740458015267176 0.6717557251908397 END
START -0.5954198473282443 0.277587890625 -0.0244140625 76 0.20610687022900764 0.25190839694656486 END
START -0.6259541984732825 0.281982421875 -0.026123046875 77 0.17557251908396945 0.3511450381679389 END
START -0.21374045801526717 0.30908203125 -0.04150390625 78 0.3893129770992366 0.16030534351145037 END
START -0.20610687022900764 0.3251953125 -0.031494140625 79 0.12213740458015267 0.6870229007633588 END
START -0.35877862595419846 0.29443359375 -0.014892578125 80 -0.07633587786259542 0.6259541984732825 END
START -0.2824427480916031 0.293212890625 -0.029541015625 81 0.3435114503816794 0.7175572519083969 END
START 0.0916030534351145 0.288330078125 -0.029052734375 82 0.183206106870229 0.6717557251908397 END
START -0.1450381679389313 0.29296875 -0.011962890625 83 -0.37404580152671757 0.5725190839694656 END
START 0.007633587786259542 0.28271484375 -0.0263671875 84 -0.08396946564885496 0.061068702290076333 END
START 0.24427480916030533 0.291015625 -0.02490234375 85 -0.33587786259541985 -0.3893129770992366 END
START 0.32061068702290074 0.3017578125 -0.042236328125 86 -0.1450381679389313 -0.32061068702290074 END
START 0.35877862595419846 0.311279296875 -0.02392578125 87 -0.3969465648854962 -0.22137404580152673 END
START 0.31297709923664124 0.3056640625 -0.019775390625 88 -0.45038167938931295 -0.07633587786259542 END
START 0.3969465648854962 0.314208984375 -0.0361328125 89 0.015267175572519083 0.31297709923664124 END
START 0.25190839694656486 0.298583984375 -0.023193359375 90 -0.26717557251908397 0.3053435114503817 END
START 0.4351145038167939 0.29052734375 -0.023681640625 91 -0.12213740458015267 1.9312977099236641 END
START 0.1297709923664122 0.28759765625 -0.01953125 92 0.3511450381679389 0.7404580152671756 END
START 0.45038167938931295 0.287109375 -0.017578125 93 0.06870229007633588 0.2595419847328244 END
START 0.4122137404580153 0.287353515625 -0.04150390625 94 0.19083969465648856 0.33587786259541985 END
START 0.48091603053435117 0.28662109375 -0.030517578125 95 0.20610687022900764 0.1297709923664122 END
START 0.5419847328244275 0.285888671875 -0.02392578125 96 0.5343511450381679 0.1297709923664122 END
START 0.3816793893129771 0.301025390625 -0.013671875 97 0.17557251908396945 0.648854961832061 END
START 0.4351145038167939 0.297607421875 -0.035888671875 98 0.3969465648854962 0.2366412213740458 END
START 0.2748091603053435 0.289306640625 -0.01953125 99 0.2366412213740458 0.26717557251908397 END
START -0.07633587786259542 0.2900390625 -0.02978515625 100 1.8702290076335877 -0.4198473282442748 END
START -0.20610687022900764 0.281494140625 -0.011962890625 101 -0.183206106870229 -0.04580152671755725 END
START 0.32061068702290074 0.30224609375 -0.04443359375 102 -0.21374045801526717 -0.21374045801526717 END
START 0.06870229007633588 0.31103515625 -0.015869140625 103 -0.1984732824427481 -0.06870229007633588 END
START 0.007633587786259542 0.29052734375 -0.011962890625 104 -0.2595419847328244 0.2595419847328244 END
START 0.3893129770992366 0.299072265625 -0.033447265625 105 -0.12213740458015267 0.09923664122137404 END
START 0.44274809160305345 0.286865234375 -0.024169921875 106 0.03816793893129771 0.366412213740458 END
START 0.5572519083969466 0.287353515625 -0.0205078125 107 -0.07633587786259542 -0.1297709923664122 END
START 0.7404580152671756 0.301025390625 -0.03955078125 108 0.24427480916030533 0.10687022900763359 END
START 0.37404580152671757 0.300048828125 -0.008544921875 109 0.0 1.8702290076335877 END
START 0.16030534351145037 0.28466796875 -0.02490234375 110 0.09923664122137404 -0.25190839694656486 END
START 0.06870229007633588 0.288330078125 -0.019775390625 111 0.015267175572519083 -0.10687022900763359 END
START 0.04580152671755725 0.29150390625 -0.018798828125 112 -0.061068702290076333 0.04580152671755725 END
START 0.16793893129770993 0.284912109375 -0.02099609375 113 -0.17557251908396945 -0.09923664122137404 END