START -0.030534351145038167 0.287109375 -0.011474609375 2 1.5190839694656488 1.6946564885496183 END
START -0.06870229007633588 0.27783203125 -0.036376953125 3 3.732824427480916 2.900763358778626 END
START -0.35877862595419846 0.2626953125 -0.00537109375 4 3.1603053435114505 3.2748091603053435 END
START -0.5954198473282443 0.267578125 -0.0078125 5 3.435114503816794 3.282442748091603 END
START -0.6183206106870229 0.266845703125 -0.004150390625 6 3.648854961832061 3.3435114503816794 END
START -0.6259541984732825 0.278076171875 -0.0078125 7 3.9618320610687023 3.854961832061069 END
START -0.7557251908396947 0.294677734375 0.00732421875 8 3.5267175572519083 4.244274809160306 END
START -0.7175572519083969 0.30224609375 0.00537109375 9 3.045801526717557 4.648854961832061 END
START 0.5114503816793893 0.35888671875 -0.019775390625 10 3.0381679389312977 5.435114503816794 END
START 1.5114503816793894 0.400634765625 -0.070068359375 11 2.450381679389313 7.213740458015267 END
START 3.099236641221374 0.430908203125 -0.082763671875 12 0.5114503816793893 10.198473282442748 END
START 4.083969465648855 0.4267578125 -0.053466796875 13 0.9389312977099237 10.290076335877863 END
START 4.305343511450381 0.423095703125 -0.044677734375 14 1.366412213740458 12.65648854961832 END
START 4.244274809160306 0.4111328125 -0.022705078125 15 -0.5419847328244275 15.587786259541986 END
START 4.076335877862595 0.37939453125 -0.0166015625 16 -1.251908396946565 15.900763358778626 END
START 4.557251908396947 0.357177734375 -0.018310546875 17 -0.5725190839694656 15.893129770992367 END
START 4.824427480916031 0.32666015625 -0.02490234375 18 -0.9465648854961832 16.450381679389313 END
START 4.709923664122138 0.29248046875 -0.00830078125 19 -1.3206106870229009 16.702290076335878 END
START 3.984732824427481 0.235107421875 0.0263671875 20 -1.0305343511450382 16.748091603053435 END
START 3.5877862595419847 0.213134765625 0.024658203125 21 -1.297709923664122 16.404580152671755 END
START 3.5419847328244276 0.19580078125 0.01123046875 22 -0.7099236641221374 16.14503816793893 END
START 3.366412213740458 0.19384765625 0.005615234375 23 -0.3435114503816794 15.931297709923664 END
START 2.7557251908396947 0.19482421875 0.029052734375 24 -0.13740458015267176 16.427480916030536 END
START 2.4656488549618323 0.19384765625 0.012939453125 25 -0.22900763358778625 17.419847328244273 END
START 2.732824427480916 0.2080078125 -0.013916015625 26 -0.48854961832061067 17.435114503816795 END
START 3.099236641221374 0.214599609375 -0.02880859375 27 -0.35877862595419846 16.46564885496183 END
START 3.099236641221374 0.205810546875 -0.0185546875 28 -1.8778625954198473 15.419847328244275 END
START 2.717557251908397 0.198974609375 -0.005615234375 29 -0.24427480916030533 14.549618320610687 END
START 0.9236641221374046 0.155029296875 0.06884765625 30 -1.4045801526717556 13.473282442748092 END
START 0.22900763358778625 0.115234375 0.044677734375 31 -1.6641221374045803 8.709923664122137 END
START 0.3893129770992366 0.10986328125 -0.009765625 32 -1.0229007633587786 6.290076335877862 END
START 0.916030534351145 0.12890625 -0.052001953125 33 -0.8320610687022901 5.083969465648855 END
START 2.0 0.1337890625 -0.05224609375 34 -1.549618320610687 4.511450381679389 END
START 0.9694656488549618 0.1025390625 -0.02392578125 35 0.1984732824427481 3.618320610687023 END
START 0.2366412213740458 0.099365234375 0.019287109375 36 -1.3282442748091603 1.717557251908397 END
START 0.21374045801526717 0.114013671875 -0.031005859375 37 -0.7557251908396947 1.3129770992366412 END
START 0.5343511450381679 0.125 -0.0390625 38 -0.9847328244274809 0.06870229007633588 END
START 0.9389312977099237 0.14990234375 -0.070556640625 39 -0.5038167938931297 -0.6183206106870229 END
START 1.984732824427481 0.184326171875 -0.095458984375 40 -0.6946564885496184 -1.916030534351145 END
START 2.5114503816793894 0.154052734375 -0.108154296875 41 1.3435114503816794 -2.450381679389313 END
START 2.8396946564885495 0.140869140625 -0.067138671875 42 0.2824427480916031 -6.236641221374046 END
START 3.8244274809160306 0.1083984375 -0.00830078125 43 -0.5343511450381679 -7.152671755725191 END
START 0.8854961832061069 0.09814453125 0.000244140625 44 -1.2671755725190839 -8.763358778625955 END
START 1.4427480916030535 0.11474609375 -0.068359375 45 -1.0458015267175573 -10.877862595419847 END
START 2.618320610687023 0.146240234375 -0.13525390625 46 0.31297709923664124 -13.045801526717558 END
START 3.618320610687023 0.1552734375 -0.117919921875 47 1.5114503816793894 -14.625954198473282 END
START 3.801526717557252 0.1279296875 -0.077392578125 48 2.2595419847328246 -15.86259541984733 END
START 2.6412213740458017 0.083984375 0.042724609375 49 1.9236641221374047 -17.015267175572518 END
START 0.9541984732824428 0.054931640625 0.09912109375 50 0.9618320610687023 -17.328244274809162 END
START -0.7862595419847328 0.07373046875 0.127685546875 51 0.4122137404580153 -17.83969465648855 END
START -2.900763358778626 0.10791015625 0.13623046875 52 -0.4580152671755725 -17.755725190839694 END
START -3.854961832061069 0.164794921875 0.0888671875 53 -1.916030534351145 -17.33587786259542 END
START -4.541984732824427 0.227294921875 0.0234375 54 -1.5954198473282444 -17.30534351145038 END
START -5.687022900763359 0.299560546875 -0.0458984375 55 -0.16030534351145037 -16.198473282442748 END
START -2.633587786259542 0.304931640625 -0.1162109375 56 -0.8625954198473282 -13.98473282442748 END
START -3.0916030534351147 0.382080078125 -0.03271484375 57 0.1297709923664122 -14.450381679389313 END
START -1.4274809160305344 0.365478515625 -0.077392578125 58 0.3511450381679389 -12.358778625954198 END
START -1.381679389312977 0.391357421875 -0.07568359375 59 1.748091603053435 -8.625954198473282 END