START 3.435114503816794 0.314453125 -0.021728515625 2 1.1603053435114503 11.664122137404581 END
START 3.045801526717557 0.282470703125 -0.00439453125 3 3.2061068702290076 13.816793893129772 END
START 2.0763358778625953 0.246337890625 0.025634765625 4 1.7099236641221374 13.389312977099237 END
START 1.1755725190839694 0.249755859375 0.015380859375 5 0.7557251908396947 13.114503816793894 END
START -0.8473282442748091 0.218505859375 0.05419921875 6 -2.6106870229007635 9.938931297709924 END
START 1.1984732824427482 0.20849609375 -0.0439453125 7 0.3511450381679389 8.129770992366412 END
START 1.4122137404580153 0.227294921875 0.013916015625 8 -0.7709923664122137 11.49618320610687 END
START 1.2442748091603053 0.18212890625 -0.015625 9 -0.3282442748091603 7.022900763358779 END
START 0.9618320610687023 0.17724609375 -0.00244140625 10 -0.8091603053435115 7.709923664122138 END
START 0.3816793893129771 0.1474609375 0.01171875 11 -0.5801526717557252 3.33587786259542 END
START 0.9541984732824428 0.153564453125 -0.03466796875 12 0.2366412213740458 3.7404580152671754 END
START 1.4274809160305344 0.162841796875 -0.043212890625 13 0.9389312977099237 -0.12213740458015267 END
START 1.1450381679389312 0.183349609375 -0.029296875 14 0.13740458015267176 -1.7938931297709924 END
START 1.9465648854961832 0.178955078125 -0.048828125 15 0.3435114503816794 -6.435114503816794 END
START 1.83206106870229 0.18505859375 -0.052001953125 16 0.6106870229007634 -8.335877862595419 END
START 1.4427480916030535 0.164794921875 -0.005126953125 17 -0.4122137404580153 -10.083969465648854 END
START -0.2824427480916031 0.153564453125 0.013916015625 18 1.3435114503816794 -14.83206106870229 END
START -0.7022900763358778 0.155517578125 0.000244140625 19 1.0534351145038168 -16.15267175572519 END
START -1.5725190839694656 0.150146484375 0.040771484375 20 0.5725190839694656 -19.045801526717558 END
START -3.145038167938931 0.15234375 0.0703125 21 0.33587786259541985 -20.52671755725191 END
START -2.931297709923664 0.227294921875 0.015625 22 -0.15267175572519084 -20.580152671755727 END
START -0.25190839694656486 0.37109375 -0.056640625 23 0.7633587786259542 -21.908396946564885 END
START 5.66412213740458 0.529541015625 -0.049560546875 24 1.748091603053435 57.229007633587784 END
START 6.763358778625954 0.147216796875 0.602783203125 25 -20.045801526717558 6.511450381679389 END
START -1.297709923664122 0.39013671875 0.121826171875 26 -11.213740458015268 -19.16030534351145 END
START 1.8015267175572518 0.3173828125 -0.104248046875 27 -7.893129770992366 -8.702290076335878 END
START 0.5267175572519084 0.310791015625 0.027099609375 28 -8.053435114503817 5.122137404580153 END
START 0.2824427480916031 0.21923828125 -0.09619140625 29 1.3358778625954197 -3.885496183206107 END
START -0.3053435114503817 0.23828125 -0.0146484375 30 0.9465648854961832 1.0763358778625953 END
START -0.19083969465648856 0.2294921875 -0.01171875 31 1.3053435114503817 -0.6946564885496184 END
START 0.05343511450381679 0.30712890625 -0.055908203125 32 -0.015267175572519083 1.3587786259541985 END
START 0.8091603053435115 0.31982421875 -0.0234375 33 -1.8931297709923665 1.8549618320610688 END
START 0.4351145038167939 0.31787109375 0.001708984375 34 -0.7862595419847328 4.7251908396946565 END
START 0.3893129770992366 0.286376953125 -0.003173828125 35 -0.549618320610687 4.114503816793893 END
START -1.183206106870229 0.251708984375 0.045166015625 36 -1.8244274809160306 3.816793893129771 END
START -0.7404580152671756 0.2392578125 -0.013671875 37 -1.0076335877862594 0.5419847328244275 END
START -0.6259541984732825 0.25732421875 -0.04296875 38 0.2900763358778626 0.015267175572519083 END
START -0.4198473282442748 0.281005859375 -0.00244140625 39 -0.3053435114503817 -0.5267175572519084 END
START -0.07633587786259542 0.299560546875 -0.02197265625 40 0.03816793893129771 0.030534351145038167 END
START -0.007633587786259542 0.298583984375 -0.010009765625 41 -0.13740458015267176 1.4045801526717556 END
START 0.05343511450381679 0.302978515625 -0.016845703125 42 0.11450381679389313 1.4885496183206106 END
START 0.007633587786259542 0.2978515625 -0.014892578125 43 0.16030534351145037 2.0763358778625953 END
START -0.5267175572519084 0.269775390625 0.00390625 44 0.22900763358778625 1.6793893129770991 END
START -0.5725190839694656 0.254150390625 -0.00048828125 45 0.4961832061068702 1.183206106870229 END
START -0.5725190839694656 0.259765625 0.012939453125 46 0.2748091603053435 0.9389312977099237 END
START -0.25190839694656486 0.261962890625 -0.020263671875 47 0.5114503816793893 -0.16793893129770993 END
START -0.10687022900763359 0.279541015625 -0.02294921875 48 0.4580152671755725 0.1450381679389313 END
START -1.9541984732824427 0.294921875 -0.00244140625 49 0.21374045801526717 -0.07633587786259542 END
START 0.015267175572519083 0.2890625 -0.000732421875 50 0.17557251908396945 0.2900763358778626 END
START 0.09923664122137404 0.294189453125 -0.01171875 51 0.08396946564885496 0.5801526717557252 END
START -0.09923664122137404 0.287353515625 -0.010009765625 52 0.030534351145038167 1.1068702290076335 END
START -0.17557251908396945 0.271484375 -0.00732421875 53 -0.022900763358778626 0.4351145038167939 END
START -0.19083969465648856 0.262451171875 -0.00048828125 54 -0.09923664122137404 0.19083969465648856 END
START -0.5877862595419847 0.26806640625 0.000732421875 55 -0.1984732824427481 0.549618320610687 END
START -0.3816793893129771 0.2763671875 -0.015625 56 0.04580152671755725 0.3969465648854962 END
START -0.5114503816793893 0.25390625 0.014892578125 57 -0.45038167938931295 -0.15267175572519084 END
START 0.19083969465648856 0.287841796875 -0.01953125 58 -0.06870229007633588 -0.44274809160305345 END
START 0.0916030534351145 0.284423828125 -0.00439453125 59 -0.5038167938931297 0.08396946564885496 END
START 0.1984732824427481 0.280517578125 -0.0146484375 60 -0.2595419847328244 -0.11450381679389313 END
START 0.26717557251908397 0.28515625 -0.01025390625 61 -0.2366412213740458 0.33587786259541985 END
START 0.03816793893129771 0.275146484375 0.008544921875 62 -0.5267175572519084 0.7786259541984732 END
START 0.40458015267175573 0.27734375 -0.0205078125 63 -0.022900763358778626 0.48854961832061067 END
START 0.29770992366412213 0.271484375 -0.012939453125 64 -0.19083969465648856 0.2366412213740458 END
START 0.2366412213740458 0.279541015625 -0.0078125 65 0.07633587786259542 -0.15267175572519084 END
START -0.11450381679389313 0.2626953125 0.002197265625 66 -0.10687022900763359 0.16030534351145037 END
START 0.3511450381679389 0.280517578125 -0.02734375 67 0.061068702290076333 -0.06870229007633588 END
START 0.5114503816793893 0.28857421875 -0.020751953125 68 0.2748091603053435 0.10687022900763359 END
START 0.2366412213740458 0.27978515625 -0.01220703125 69 0.030534351145038167 0.15267175572519084 END
START 0.4198473282442748 0.283447265625 -0.0185546875 70 0.33587786259541985 -0.5267175572519084 END
START 0.17557251908396945 0.27783203125 0.0 71 0.06870229007633588 0.08396946564885496 END
START 0.2366412213740458 0.295654296875 -0.008544921875 72 -0.11450381679389313 0.09923664122137404 END
START 0.12213740458015267 0.2783203125 -0.015625 73 -0.2366412213740458 0.4122137404580153 END
START 0.24427480916030533 0.27734375 -0.004150390625 74 -0.3969465648854962 0.11450381679389313 END
START 0.2595419847328244 0.260009765625 -0.008544921875 75 -0.015267175572519083 0.17557251908396945 END
START 0.2595419847328244 0.25048828125 -0.0029296875 76 -0.42748091603053434 -0.2900763358778626 END
START 0.2748091603053435 0.27734375 -0.022216796875 77 0.13740458015267176 -0.1297709923664122 END