START -0.3282442748091603 0.178466796875 -0.00244140625 2 -3.0076335877862594 7.259541984732825 END
START -0.183206106870229 0.16357421875 -0.037353515625 3 -2.5877862595419847 5.038167938931298 END
START -0.04580152671755725 0.164306640625 -0.041015625 4 -2.015267175572519 3.6259541984732824 END
START 0.24427480916030533 0.150390625 -0.032470703125 5 -1.1068702290076335 3.045801526717557 END
START 0.09923664122137404 0.158203125 -0.029296875 6 -0.5038167938931297 2.931297709923664 END
START 0.13740458015267176 0.162353515625 -0.0263671875 7 -0.732824427480916 2.3587786259541983 END
START 1.083969465648855 0.158935546875 -0.044189453125 8 -0.916030534351145 1.2900763358778626 END
START 1.183206106870229 0.15869140625 -0.05419921875 9 1.3435114503816794 1.1526717557251909 END
START 0.8854961832061069 0.182373046875 -0.010986328125 10 0.45038167938931295 0.7557251908396947 END
START 0.8015267175572519 0.192626953125 -0.018310546875 11 0.9083969465648855 1.0458015267175573 END
START 0.4961832061068702 0.192138671875 -0.007080078125 12 0.2366412213740458 0.7557251908396947 END
START 0.33587786259541985 0.20068359375 -0.01220703125 13 0.3893129770992366 0.6259541984732825 END
START 0.26717557251908397 0.203369140625 -0.017578125 14 0.366412213740458 0.8091603053435115 END
START 0.183206106870229 0.21240234375 -0.026123046875 15 1.8702290076335877 1.1221374045801527 END
START 0.25190839694656486 0.2138671875 -0.029541015625 16 -0.24427480916030533 0.8625954198473282 END
START 0.48854961832061067 0.2177734375 -0.04150390625 17 0.3053435114503817 0.5267175572519084 END
START 0.366412213740458 0.21142578125 -0.032470703125 18 0.35877862595419846 0.6030534351145038 END
START -0.19083969465648856 0.201416015625 -0.001220703125 19 -0.44274809160305345 0.183206106870229 END
START -0.5877862595419847 0.171875 0.00341796875 20 -0.5877862595419847 -0.7709923664122137 END
START -0.6106870229007634 0.18701171875 -0.013916015625 21 -0.40458015267175573 -1.7251908396946565 END
START -0.5343511450381679 0.183837890625 -0.02783203125 22 -0.0916030534351145 -2.312977099236641 END
START -0.549618320610687 0.187744140625 -0.02490234375 23 0.007633587786259542 -2.2519083969465647 END
START -0.6412213740458015 0.185791015625 -0.008544921875 24 -0.1450381679389313 -2.366412213740458 END
START -0.5954198473282443 0.182861328125 -0.00927734375 25 -1.1221374045801527 -3.030534351145038 END
START -0.7633587786259542 0.185791015625 -0.014404296875 26 -1.0076335877862594 -4.259541984732825 END
START -0.648854961832061 0.194580078125 -0.0380859375 27 -0.7862595419847328 -6.480916030534351 END
START 0.4198473282442748 0.1982421875 -0.07421875 28 -1.8015267175572518 -8.312977099236642 END
START 1.618320610687023 0.218505859375 -0.098876953125 29 1.5267175572519085 -8.053435114503817 END
START 1.748091603053435 0.22900390625 -0.055908203125 30 1.7328244274809161 -6.282442748091603 END
START 1.1068702290076335 0.21044921875 0.00537109375 31 0.816793893129771 -5.4961832061068705 END
START 0.6106870229007634 0.19287109375 0.025634765625 32 0.5572519083969466 -5.801526717557252 END
START 0.015267175572519083 0.2060546875 0.0234375 33 0.8091603053435115 -6.977099236641221 END
START -0.13740458015267176 0.2119140625 0.000732421875 34 0.7709923664122137 -7.030534351145038 END
START -0.6106870229007634 0.230712890625 0.01025390625 35 0.9389312977099237 -6.251908396946565 END
START -1.297709923664122 0.22509765625 0.02587890625 36 1.7633587786259541 -5.748091603053435 END
START -1.6717557251908397 0.22900390625 0.00634765625 37 -0.7786259541984732 -6.297709923664122 END
START -1.2900763358778626 0.23828125 -0.04296875 38 -0.40458015267175573 -7.396946564885496 END
START -0.5877862595419847 0.23974609375 -0.057373046875 39 -0.04580152671755725 -8.610687022900763 END
START -0.2595419847328244 0.226318359375 -0.02001953125 40 0.5038167938931297 -9.34351145038168 END
START -0.7709923664122137 0.196044921875 0.03369140625 41 -0.2748091603053435 -10.717557251908397 END
START -0.7786259541984732 0.175048828125 0.02978515625 42 -0.3435114503816794 -10.977099236641221 END
START -0.7175572519083969 0.18017578125 0.028076171875 43 0.030534351145038167 -10.82442748091603 END
START -1.3587786259541985 0.1767578125 0.052978515625 44 -0.9618320610687023 -11.534351145038167 END
START -1.6641221374045803 0.20849609375 0.04736328125 45 -1.0305343511450382 -11.969465648854962 END
START -1.5877862595419847 0.244384765625 0.016845703125 46 -1.5038167938931297 -10.98473282442748 END
START -1.633587786259542 0.304443359375 0.017578125 47 -0.007633587786259542 -9.98473282442748 END
START -1.534351145038168 0.341552734375 -0.0009765625 48 -2.33587786259542 -8.916030534351146 END
START -0.9770992366412213 0.385009765625 -0.04345703125 49 -2.114503816793893 -6.885496183206107 END
START -0.16793893129770993 0.402587890625 -0.0654296875 50 -1.8473282442748091 -4.412213740458015 END
START 0.09923664122137404 0.3916015625 -0.04248046875 51 -2.33587786259542 -3.236641221374046 END
START 0.2900763358778626 0.3701171875 -0.0458984375 52 -2.2519083969465647 -2.6793893129770994 END