START -1.5190839694656488 0.22607421875 0.0859375 2 -2.3969465648854964 6.068702290076335 END
START -1.6488549618320612 0.225830078125 0.033203125 3 -4.229007633587786 6.183206106870229 END
START -1.6717557251908397 0.241455078125 -0.001953125 4 -2.519083969465649 5.2748091603053435 END
START -2.4427480916030535 0.2236328125 0.0244140625 5 -2.6259541984732824 4.244274809160306 END
START -2.7709923664122136 0.2314453125 0.00927734375 6 -2.8396946564885495 4.923664122137405 END
START -2.7404580152671754 0.24072265625 -0.02880859375 7 -2.6259541984732824 4.786259541984733 END
START -2.5343511450381677 0.2705078125 -0.046875 8 -1.9923664122137406 4.129770992366412 END
START -1.816793893129771 0.299560546875 -0.067138671875 9 -1.8091603053435115 4.786259541984733 END
START -0.6641221374045801 0.311767578125 -0.08349609375 10 -2.2977099236641223 3.931297709923664 END
START 0.2748091603053435 0.306396484375 -0.058349609375 11 -2.1526717557251906 6.450381679389313 END
START 1.099236641221374 0.271484375 -0.021728515625 12 -1.5267175572519085 5.6106870229007635 END
START 1.8702290076335877 0.258056640625 -0.030517578125 13 -0.549618320610687 5.770992366412214 END
START 2.1068702290076335 0.244384765625 -0.00732421875 14 -0.7251908396946565 5.816793893129771 END
START 2.267175572519084 0.2685546875 -0.023681640625 15 -1.1297709923664123 6.961832061068702 END
START 2.236641221374046 0.23974609375 -0.013671875 16 -1.6946564885496183 5.9465648854961835 END
START 2.6030534351145036 0.25439453125 -0.043701171875 17 -0.7938931297709924 5.809160305343512 END
START 2.786259541984733 0.247802734375 -0.037841796875 18 -0.5038167938931297 5.572519083969466 END
START 2.6946564885496183 0.246337890625 -0.02978515625 19 -0.6641221374045801 5.7251908396946565 END
START 1.9465648854961832 0.223388671875 0.03125 20 -1.6870229007633588 5.480916030534351 END
START 0.8473282442748091 0.192138671875 0.05322265625 21 -2.114503816793893 4.129770992366412 END
START 0.44274809160305345 0.181640625 0.0205078125 22 -1.7938931297709924 3.045801526717557 END
START 0.40458015267175573 0.187744140625 -0.00048828125 23 -1.5877862595419847 2.3893129770992365 END
START 0.3893129770992366 0.18505859375 -0.015869140625 24 -1.4961832061068703 1.8244274809160306 END
START 0.33587786259541985 0.181396484375 -0.007080078125 25 -1.297709923664122 1.0381679389312977 END
START 0.16030534351145037 0.181884765625 -0.009033203125 26 -1.0229007633587786 0.21374045801526717 END
START 0.022900763358778626 0.1728515625 -0.01220703125 27 -0.648854961832061 -0.4961832061068702 END
START 0.09923664122137404 0.180908203125 -0.0283203125 28 -0.37404580152671757 -1.366412213740458 END
START 0.26717557251908397 0.1806640625 -0.02783203125 29 -0.022900763358778626 -1.8931297709923665 END
START 0.015267175572519083 0.187255859375 -0.01513671875 30 -0.1297709923664122 -2.015267175572519 END
START -0.1450381679389313 0.1845703125 0.013427734375 31 -0.37404580152671757 -2.6259541984732824 END
START -0.1450381679389313 0.19189453125 -0.00390625 32 -0.25190839694656486 -3.8931297709923665 END
START -0.05343511450381679 0.19677734375 -0.021240234375 33 -0.03816793893129771 -4.580152671755725 END
START 0.13740458015267176 0.20654296875 -0.0234375 34 0.05343511450381679 -5.206106870229007 END
START 0.35877862595419846 0.192626953125 -0.024169921875 35 0.1450381679389313 -6.198473282442748 END
START 0.05343511450381679 0.18798828125 -0.005615234375 36 1.0763358778625953 -6.458015267175573 END
START -0.6412213740458015 0.185302734375 0.016845703125 37 1.0381679389312977 -7.32824427480916 END
START -1.1908396946564885 0.181396484375 0.01025390625 38 1.2748091603053435 -8.297709923664122 END
START -1.4809160305343512 0.201171875 -0.023681640625 39 1.0381679389312977 -9.763358778625955 END
START -1.3053435114503817 0.246337890625 -0.03759765625 40 2.198473282442748 -10.786259541984732 END
START -0.6564885496183206 0.300048828125 -0.089111328125 41 3.0839694656488548 -10.274809160305344 END
START -0.3969465648854962 0.339111328125 -0.10107421875 42 4.267175572519084 -9.129770992366412 END
START 0.0916030534351145 0.35009765625 -0.076416015625 43 3.633587786259542 -9.977099236641221 END
START 0.9083969465648855 0.37109375 -0.0927734375 44 4.763358778625954 -9.01526717557252 END
START 1.702290076335878 0.37353515625 -0.082275390625 45 4.793893129770993 -8.465648854961833 END
START 2.0381679389312977 0.35498046875 -0.024658203125 46 5.488549618320611 -8.251908396946565 END
START 1.1526717557251909 0.330078125 0.047607421875 47 4.969465648854962 -6.931297709923665 END
START 1.9236641221374047 0.30810546875 0.100830078125 48 3.0 -4.816793893129771 END
START -0.8931297709923665 0.28173828125 0.08935546875 49 1.702290076335878 -2.618320610687023 END
START -1.7557251908396947 0.306640625 0.107666015625 50 0.7404580152671756 -1.6717557251908397 END
START -2.145038167938931 0.3017578125 0.0673828125 51 -0.04580152671755725 -0.33587786259541985 END
START -1.6793893129770991 0.334228515625 0.003173828125 52 -0.8625954198473282 1.0534351145038168 END
START -0.648854961832061 0.338134765625 -0.06201171875 53 -1.1068702290076335 0.9770992366412213 END
START 0.3511450381679389 0.30029296875 -0.0615234375 54 -0.04580152671755725 0.1297709923664122 END
START -0.3435114503816794 0.248779296875 0.004150390625 55 0.4122137404580153 -0.732824427480916 END
START -0.6641221374045801 0.213623046875 0.0068359375 56 0.732824427480916 -1.1526717557251909 END
START -0.015267175572519083 0.2392578125 -0.0029296875 57 0.6870229007633588 -3.015267175572519 END
START 0.5725190839694656 0.269287109375 -0.024658203125 58 1.3740458015267176 -3.053435114503817 END
START 0.15267175572519084 0.3046875 0.0078125 59 0.8244274809160306 -2.1526717557251906 END
START -0.06870229007633588 0.30859375 0.003662109375 60 0.8091603053435115 -0.7099236641221374 END
START -0.030534351145038167 0.3193359375 0.004638671875 61 0.04580152671755725 1.1221374045801527 END
START -1.9541984732824427 0.29248046875 -0.004638671875 62 0.3816793893129771 0.7709923664122137 END
START -0.13740458015267176 0.274658203125 -0.002685546875 63 0.7251908396946565 0.2824427480916031 END
START -0.20610687022900764 0.27001953125 0.008544921875 64 0.6259541984732825 -0.12213740458015267 END
START -0.17557251908396945 0.279296875 -0.015625 65 0.48091603053435117 0.07633587786259542 END
START -1.9389312977099236 0.2861328125 0.00146484375 66 0.5419847328244275 -0.26717557251908397 END
START 0.2824427480916031 0.29296875 -0.002197265625 67 0.48854961832061067 0.05343511450381679 END
START 0.007633587786259542 0.287841796875 0.003173828125 68 0.15267175572519084 0.24427480916030533 END
START 0.06870229007633588 0.28173828125 0.0009765625 69 -0.3053435114503817 0.11450381679389313 END
START 0.12213740458015267 0.284423828125 0.014404296875 70 -0.21374045801526717 0.061068702290076333 END
START 0.183206106870229 0.284912109375 -0.010009765625 71 0.2748091603053435 0.25190839694656486 END
START 0.05343511450381679 0.2685546875 0.008056640625 72 0.13740458015267176 0.3435114503816794 END
START 0.25190839694656486 0.286865234375 -0.006103515625 73 0.20610687022900764 0.3816793893129771 END
START 0.11450381679389313 0.265625 0.006103515625 74 1.9312977099236641 0.4732824427480916 END
START 0.06870229007633588 0.278564453125 0.012451171875 75 -0.12213740458015267 -0.061068702290076333 END
START 0.16793893129770993 0.28857421875 -0.01220703125 76 0.007633587786259542 0.030534351145038167 END
START 0.03816793893129771 0.288818359375 0.00048828125 77 -0.07633587786259542 0.2824427480916031 END
START -0.08396946564885496 0.276611328125 0.009765625 78 -0.03816793893129771 0.030534351145038167 END
START -0.022900763358778626 0.283447265625 -0.001953125 79 -0.022900763358778626 0.21374045801526717 END
START 0.030534351145038167 0.284423828125 0.005126953125 80 0.0916030534351145 0.12213740458015267 END
START -0.17557251908396945 0.279541015625 0.0107421875 81 0.183206106870229 0.3816793893129771 END
START 0.3053435114503817 0.294189453125 0.01220703125 82 0.183206106870229 0.4122137404580153 END
START 0.22137404580152673 0.2802734375 0.026123046875 83 -0.3053435114503817 0.25190839694656486 END
START 0.31297709923664124 0.27294921875 0.003662109375 84 0.05343511450381679 0.3053435114503817 END
START 0.09923664122137404 0.27490234375 0.01953125 85 -0.2824427480916031 0.030534351145038167 END
START 0.15267175572519084 0.282470703125 0.001220703125 86 -0.16030534351145037 0.10687022900763359 END
START -0.10687022900763359 0.27734375 0.00927734375 87 0.1297709923664122 0.08396946564885496 END
START -0.1450381679389313 0.27783203125 0.0 88 -1.9083969465648856 -0.4961832061068702 END
START -0.030534351145038167 0.2802734375 0.00341796875 89 0.07633587786259542 -0.22137404580152673 END
START 0.26717557251908397 0.292236328125 0.009521484375 90 -0.08396946564885496 -0.09923664122137404 END
START 0.6641221374045801 0.293212890625 0.014892578125 91 -0.3511450381679389 -0.061068702290076333 END
START 0.6183206106870229 0.290283203125 0.005126953125 92 -0.48854961832061067 0.1297709923664122 END
START 0.29770992366412213 0.27978515625 0.014404296875 93 -0.6641221374045801 0.3511450381679389 END
START 0.3816793893129771 0.275390625 0.00048828125 94 -0.3893129770992366 0.44274809160305345 END
START 0.11450381679389313 0.27490234375 0.013916015625 95 -0.21374045801526717 0.24427480916030533 END
START 0.37404580152671757 0.279296875 -0.0009765625 96 0.11450381679389313 0.015267175572519083 END
START 1.4198473282442747 0.276611328125 0.014892578125 97 -0.17557251908396945 -0.5419847328244275 END