START 0.1297709923664122 0.17578125 -0.013427734375 2 -0.5801526717557252 8.34351145038168 END
START 0.45038167938931295 0.18017578125 -0.0166015625 3 -0.6106870229007634 7.984732824427481 END
START 1.5572519083969465 0.2060546875 -0.037353515625 4 0.7099236641221374 6.6106870229007635 END
START 1.3893129770992367 0.24365234375 -0.027587890625 5 1.9236641221374047 6.870229007633588 END
START 2.015267175572519 0.23193359375 -0.04150390625 6 -0.7099236641221374 6.66412213740458 END
START 2.0229007633587788 0.218994140625 -0.028564453125 7 0.20610687022900764 5.9465648854961835 END
START 1.0305343511450382 0.176513671875 0.0009765625 8 -0.7633587786259542 4.251908396946565 END
START 0.5038167938931297 0.166259765625 -0.0029296875 9 0.022900763358778626 2.595419847328244 END
START 0.9618320610687023 0.1748046875 -0.06103515625 10 1.3129770992366412 1.213740458015267 END
START 0.6641221374045801 0.182861328125 -0.032470703125 11 1.183206106870229 0.44274809160305345 END
START 0.26717557251908397 0.175048828125 -0.01611328125 12 1.1221374045801527 -0.4580152671755725 END
START 0.03816793893129771 0.1865234375 -0.0048828125 13 1.0229007633587786 -1.2290076335877862 END
START 0.015267175572519083 0.158203125 -0.01171875 14 0.9541984732824428 -0.007633587786259542 END
START -0.366412213740458 0.176513671875 0.011474609375 15 0.06870229007633588 -3.435114503816794 END
START -0.09923664122137404 0.18115234375 -0.002197265625 16 -0.3435114503816794 -6.33587786259542 END
START 0.05343511450381679 0.19775390625 -0.042236328125 17 -1.1145038167938932 -8.183206106870228 END
START -0.19083969465648856 0.156982421875 -0.008544921875 18 -1.0458015267175573 -9.877862595419847 END
START 0.6183206106870229 0.19873046875 -0.04931640625 19 1.2290076335877862 -13.01526717557252 END
START 0.7251908396946565 0.1875 -0.048583984375 20 1.5877862595419847 -14.068702290076336 END
START 0.5801526717557252 0.1904296875 -0.01806640625 21 3.030534351145038 -16.564885496183205 END
START -1.0610687022900764 0.1962890625 0.051025390625 22 2.8625954198473282 -13.702290076335878 END
START -3.8702290076335877 0.294921875 0.098388671875 23 0.5343511450381679 -10.259541984732824 END
START -1.4351145038167938 0.39404296875 -0.025634765625 24 1.9312977099236641 -7.694656488549619 END
START 1.1297709923664123 0.456298828125 -0.069580078125 25 -0.7557251908396947 -2.5801526717557253 END
START 1.1145038167938932 0.37841796875 -0.0341796875 26 -1.1755725190839694 -1.465648854961832 END
START 1.015267175572519 0.268798828125 -0.00048828125 27 -1.0610687022900764 -1.5725190839694656 END
START 0.1984732824427481 0.227783203125 0.022705078125 28 -0.7022900763358778 -1.5038167938931297 END
START -0.3435114503816794 0.219970703125 0.015625 29 -0.7557251908396947 -1.7709923664122138 END
START -0.9007633587786259 0.240234375 -0.00244140625 30 -0.7251908396946565 -2.0839694656488548 END
START -0.4198473282442748 0.275146484375 -0.015869140625 31 -1.1450381679389312 -1.1297709923664123 END
START 0.29770992366412213 0.291748046875 -0.028564453125 32 -0.9694656488549618 -0.648854961832061 END
START 0.48091603053435117 0.285888671875 -0.0029296875 33 -1.3053435114503817 -0.21374045801526717 END
START 0.5343511450381679 0.287353515625 -0.023193359375 34 -0.8396946564885496 0.8778625954198473 END
START 0.5190839694656488 0.282470703125 -0.0146484375 35 -0.4732824427480916 0.35877862595419846 END
START 0.07633587786259542 0.268310546875 -0.012939453125 36 -0.3282442748091603 -0.21374045801526717 END
START -0.37404580152671757 0.244384765625 0.002197265625 37 -0.04580152671755725 -0.5419847328244275 END
START -0.3969465648854962 0.2392578125 -0.0087890625 38 0.1297709923664122 -0.7251908396946565 END
START -0.40458015267175573 0.2607421875 -0.017578125 39 0.21374045801526717 -0.8015267175572519 END
START -0.4961832061068702 0.2734375 -0.005859375 40 -0.17557251908396945 -1.2366412213740459 END
START -0.31297709923664124 0.2939453125 -0.0185546875 41 0.030534351145038167 0.24427480916030533 END
START 0.022900763358778626 0.3046875 -0.00390625 42 -0.015267175572519083 0.3893129770992366 END
START 0.10687022900763359 0.306396484375 -0.020263671875 43 0.1297709923664122 0.5801526717557252 END
START 1.9389312977099236 0.271728515625 -0.004638671875 44 -1.9465648854961832 1.8625954198473282 END
START 0.13740458015267176 0.265625 -0.01416015625 45 0.10687022900763359 -0.26717557251908397 END
START 0.022900763358778626 0.251220703125 -0.003173828125 46 -1.9465648854961832 -0.5954198473282443 END
START 0.09923664122137404 0.275146484375 -0.009521484375 47 0.1984732824427481 -0.2824427480916031 END
START 0.17557251908396945 0.27734375 -0.008056640625 48 -0.2900763358778626 -0.42748091603053434 END
START 0.20610687022900764 0.28076171875 -0.01513671875 49 -0.32061068702290074 -0.04580152671755725 END
START 0.4580152671755725 0.290283203125 -0.027587890625 50 -0.030534351145038167 0.2595419847328244 END
START 0.030534351145038167 0.27978515625 -0.001708984375 51 -0.17557251908396945 0.3282442748091603 END
START 0.08396946564885496 0.268798828125 -0.00830078125 52 -0.40458015267175573 0.07633587786259542 END
START -0.015267175572519083 0.271728515625 -0.013427734375 53 -0.15267175572519084 0.16793893129770993 END
START 0.10687022900763359 0.2734375 -0.02294921875 54 0.09923664122137404 -1.9312977099236641 END
START 1.9465648854961832 0.266845703125 -0.012451171875 55 0.1297709923664122 0.13740458015267176 END
START 0.21374045801526717 0.275146484375 -0.007568359375 56 -0.2900763358778626 -0.6412213740458015 END
START 0.21374045801526717 0.2802734375 -0.028076171875 57 0.05343511450381679 -0.11450381679389313 END
START 0.6183206106870229 0.266357421875 -0.0029296875 58 -0.061068702290076333 -0.42748091603053434 END
START 0.42748091603053434 0.28173828125 -0.006103515625 59 -0.10687022900763359 -0.19083969465648856 END
START 1.9389312977099236 0.27880859375 0.012939453125 60 -0.48854961832061067 0.24427480916030533 END
START -1.9465648854961832 0.274658203125 -0.009765625 61 -0.366412213740458 0.15267175572519084 END
START 0.16793893129770993 0.26611328125 -0.041259765625 62 -1.9541984732824427 0.25190839694656486 END
START 0.2366412213740458 0.283203125 -0.013671875 63 0.10687022900763359 0.19083969465648856 END
START 1.9083969465648856 0.283203125 -0.005615234375 64 -0.12213740458015267 0.2900763358778626 END
START 0.16030534351145037 0.2724609375 -0.001708984375 65 -0.2366412213740458 -0.42748091603053434 END
START 0.16793893129770993 0.281005859375 -0.009521484375 66 -0.48854961832061067 -0.22900763358778625 END
START 0.16793893129770993 0.281005859375 -0.011474609375 67 -0.1297709923664122 -0.19083969465648856 END
START 0.32061068702290074 0.281982421875 -0.01171875 68 -0.22900763358778625 -0.061068702290076333 END
START 0.007633587786259542 0.27490234375 -0.01123046875 69 0.04580152671755725 0.3435114503816794 END
START 0.3511450381679389 0.281005859375 -0.02587890625 70 0.0916030534351145 0.6641221374045801 END
START 0.16030534351145037 0.29541015625 -0.0166015625 71 0.25190839694656486 0.6412213740458015 END