START -1.0229007633587786 0.261474609375 0.007080078125 2 -2.9618320610687023 6.778625954198473 END
START -0.549618320610687 0.23779296875 -0.006103515625 3 -2.7022900763358777 7.175572519083969 END
START 0.5648854961832062 0.266845703125 -0.0390625 4 -0.9541984732824428 7.480916030534351 END
START 1.1145038167938932 0.326171875 -0.041015625 5 -2.267175572519084 8.16793893129771 END
START 0.09923664122137404 0.25439453125 0.02490234375 6 -1.0229007633587786 8.15267175572519 END
START -0.7404580152671756 0.226318359375 0.056396484375 7 -4.1679389312977095 9.610687022900763 END
START -1.0610687022900764 0.236572265625 -0.00244140625 8 -5.755725190839694 8.801526717557252 END
START -1.4045801526717556 0.23193359375 -0.042724609375 9 -3.3206106870229006 9.633587786259541 END
START -0.6641221374045801 0.157958984375 -0.019287109375 10 -3.236641221374046 6.267175572519084 END
START -1.251908396946565 0.135986328125 -0.0068359375 11 -0.5877862595419847 4.236641221374046 END
START -1.8244274809160306 0.151123046875 -0.0419921875 12 -0.04580152671755725 1.4961832061068703 END
START 0.6564885496183206 0.18896484375 -0.0625 13 0.6106870229007634 1.1221374045801527 END
START 1.4427480916030535 0.2080078125 -0.03857421875 14 0.8091603053435115 1.8091603053435115 END
START 1.8473282442748091 0.23974609375 -0.022216796875 15 -0.7404580152671756 3.3740458015267176 END
START 2.351145038167939 0.227783203125 -0.029296875 16 -1.0 2.9770992366412212 END
START 2.519083969465649 0.20556640625 -0.052978515625 17 -0.8244274809160306 3.1755725190839694 END
START 0.6870229007633588 0.16943359375 0.02099609375 18 -0.9847328244274809 -0.5419847328244275 END
START 0.6335877862595419 0.1259765625 -0.03759765625 19 0.8015267175572519 -1.6412213740458015 END
START 0.4732824427480916 0.132080078125 -0.0439453125 20 1.3358778625954197 -3.786259541984733 END
START 0.7786259541984732 0.146728515625 -0.018798828125 21 1.297709923664122 -5.244274809160306 END
START 0.816793893129771 0.170654296875 -0.02685546875 22 1.717557251908397 -6.221374045801527 END
START 0.15267175572519084 0.1669921875 -0.007080078125 23 1.8244274809160306 -7.809160305343512 END
START 0.6412213740458015 0.14599609375 -0.002685546875 24 2.8396946564885495 -9.213740458015268 END
START -0.549618320610687 0.12841796875 0.034423828125 25 3.6717557251908395 -11.717557251908397 END
START 0.4198473282442748 0.17333984375 -0.017822265625 26 4.679389312977099 -12.86259541984733 END
START -1.0458015267175573 0.27685546875 0.03515625 27 3.3740458015267176 -12.419847328244275 END
START -0.6030534351145038 0.376220703125 -0.044921875 28 2.595419847328244 -8.587786259541986 END
START -0.13740458015267176 0.393798828125 -0.021484375 29 0.9618320610687023 -4.32824427480916 END
START -0.2595419847328244 0.33740234375 0.00732421875 30 -0.1984732824427481 -2.366412213740458 END
START -0.6870229007633588 0.285888671875 0.002685546875 31 -1.16793893129771 -2.0916030534351147 END
START -0.7480916030534351 0.2314453125 -0.010498046875 32 -0.0916030534351145 -3.5801526717557253 END
START -0.015267175572519083 0.23681640625 -0.0498046875 33 0.3053435114503817 -2.1374045801526718 END
START 1.618320610687023 0.236572265625 -0.056884765625 34 1.3053435114503817 -6.740458015267175 END
START 0.8091603053435115 0.260986328125 0.002685546875 35 1.1297709923664123 -6.229007633587786 END
START 0.3969465648854962 0.254638671875 0.054443359375 36 -0.5725190839694656 -6.236641221374046 END
START 0.03816793893129771 0.322021484375 0.033447265625 37 -2.4732824427480917 -2.50381679389313 END
START 0.35877862595419846 0.34716796875 0.008056640625 38 -3.5801526717557253 -0.05343511450381679 END
START 1.4961832061068703 0.33056640625 -0.0537109375 39 -3.66412213740458 0.40458015267175573 END
START 0.549618320610687 0.277587890625 -0.009521484375 40 -2.885496183206107 -0.09923664122137404 END
START 0.22137404580152673 0.22119140625 -0.013427734375 41 -0.648854961832061 -0.32061068702290074 END
START -0.7251908396946565 0.222412109375 0.010009765625 42 0.4122137404580153 -0.022900763358778626 END
START -0.7099236641221374 0.259521484375 -0.031005859375 43 0.8625954198473282 -0.6106870229007634 END
START -0.648854961832061 0.280517578125 -0.03076171875 44 0.8625954198473282 -0.22900763358778625 END
START -0.6793893129770993 0.28271484375 -0.00634765625 45 1.4427480916030535 0.366412213740458 END
START -0.7862595419847328 0.294189453125 -0.0078125 46 1.0458015267175573 1.450381679389313 END
START -0.5190839694656488 0.29345703125 -0.01806640625 47 0.8091603053435115 1.5954198473282444 END
START -0.11450381679389313 0.27392578125 0.010009765625 48 0.4122137404580153 0.8473282442748091 END
START -0.5877862595419847 0.254150390625 0.00830078125 49 0.8320610687022901 0.2595419847328244 END
START 1.9465648854961832 0.267333984375 -0.01708984375 50 0.732824427480916 0.3969465648854962 END
START 0.11450381679389313 0.27734375 -0.01318359375 51 0.22137404580152673 0.0916030534351145 END
START 0.26717557251908397 0.27294921875 0.009521484375 52 0.03816793893129771 0.16793893129770993 END
START 0.05343511450381679 0.265869140625 0.00244140625 53 0.061068702290076333 0.20610687022900764 END
START -0.20610687022900764 0.2646484375 -0.006591796875 54 0.35877862595419846 0.29770992366412213 END
START -0.22900763358778625 0.26904296875 -0.001953125 55 0.4198473282442748 0.3282442748091603 END
START -0.7251908396946565 0.271728515625 -0.00341796875 56 0.7251908396946565 0.45038167938931295 END
START -0.5419847328244275 0.2744140625 0.000732421875 57 -0.0916030534351145 0.4198473282442748 END
START -0.3893129770992366 0.279052734375 -0.00537109375 58 0.46564885496183206 0.4580152671755725 END
START -0.21374045801526717 0.271484375 -0.01025390625 59 0.6106870229007634 0.11450381679389313 END
START -0.015267175572519083 0.271484375 -0.0048828125 60 0.030534351145038167 0.03816793893129771 END
START 0.3282442748091603 0.2744140625 0.000244140625 61 -0.2748091603053435 -0.08396946564885496 END
START 0.22137404580152673 0.263916015625 0.009521484375 62 -0.6793893129770993 -0.25190839694656486 END
START 0.44274809160305345 0.262451171875 0.004150390625 63 -0.22137404580152673 -0.7480916030534351 END
START 0.4198473282442748 0.278564453125 -0.000732421875 64 -0.648854961832061 0.21374045801526717 END
START 0.33587786259541985 0.27294921875 -0.01318359375 65 0.17557251908396945 0.16030534351145037 END
START 0.20610687022900764 0.2734375 -0.01318359375 66 0.16030534351145037 0.6564885496183206 END
START -1.900763358778626 0.269287109375 -0.00244140625 67 0.45038167938931295 0.022900763358778626 END
START 0.022900763358778626 0.2744140625 -0.01708984375 68 0.09923664122137404 0.3893129770992366 END
START 0.183206106870229 0.251220703125 -0.00537109375 69 0.16030534351145037 0.1984732824427481 END
START 0.20610687022900764 0.26025390625 0.0107421875 70 -0.2366412213740458 0.1984732824427481 END
START 0.20610687022900764 0.268798828125 0.01123046875 71 -0.21374045801526717 0.061068702290076333 END
START 0.24427480916030533 0.27294921875 0.00146484375 72 -0.366412213740458 0.3511450381679389 END
START 0.26717557251908397 0.279541015625 0.00390625 73 -0.6106870229007634 -0.061068702290076333 END
START 0.1984732824427481 0.267333984375 -0.02490234375 74 -0.3282442748091603 -0.09923664122137404 END
START 0.1450381679389313 0.26123046875 -0.000244140625 75 -0.29770992366412213 -0.21374045801526717 END
START 0.15267175572519084 0.2509765625 -0.005615234375 76 -0.05343511450381679 -0.32061068702290074 END
START 0.16030534351145037 0.274658203125 -0.00537109375 77 0.07633587786259542 0.015267175572519083 END
START 0.3969465648854962 0.27294921875 -0.007568359375 78 0.3511450381679389 0.48091603053435117 END
START 0.35877862595419846 0.269775390625 -0.013427734375 79 0.29770992366412213 0.24427480916030533 END
START 0.32061068702290074 0.280029296875 -0.014892578125 80 0.31297709923664124 0.6870229007633588 END
START 0.2595419847328244 0.271240234375 0.003662109375 81 0.3053435114503817 0.7633587786259542 END
START 0.022900763358778626 0.26220703125 0.010498046875 82 0.21374045801526717 0.5648854961832062 END
START -0.1984732824427481 0.268310546875 0.001220703125 83 0.0916030534351145 0.4732824427480916 END
START -0.015267175572519083 0.262939453125 -0.013916015625 84 -0.022900763358778626 -0.3816793893129771 END
START -0.1450381679389313 0.263671875 0.005126953125 85 -0.4580152671755725 0.022900763358778626 END
START 0.4198473282442748 0.27783203125 -0.0126953125 86 -0.4351145038167939 -0.4351145038167939 END
START 0.4580152671755725 0.276611328125 0.002197265625 87 -0.7709923664122137 -0.2366412213740458 END
START 0.6030534351145038 0.271728515625 -0.0009765625 88 -0.5877862595419847 -0.3511450381679389 END
START 0.5267175572519084 0.252197265625 0.006591796875 89 -0.6946564885496184 -0.3969465648854962 END