START -2.4732824427480917 0.30322265625 0.028076171875 2 -5.183206106870229 9.587786259541986 END
START -1.7328244274809161 0.293701171875 -0.041015625 3 -4.244274809160306 9.374045801526718 END
START -1.7328244274809161 0.26904296875 -0.042236328125 4 -4.625954198473282 8.32824427480916 END
START -1.6412213740458015 0.263671875 -0.0400390625 5 -3.236641221374046 6.9465648854961835 END
START -1.7404580152671756 0.208251953125 -0.01904296875 6 -2.122137404580153 6.061068702290076 END
START -1.3511450381679388 0.2138671875 -0.06201171875 7 -0.816793893129771 6.1679389312977095 END
START -1.4198473282442747 0.219970703125 -0.0283203125 8 -0.17557251908396945 7.709923664122138 END
START 0.7633587786259542 0.263916015625 -0.072509765625 9 -0.7480916030534351 6.641221374045801 END
START 2.1526717557251906 0.279052734375 -0.078369140625 10 0.48091603053435117 8.297709923664122 END
START 1.083969465648855 0.296630859375 0.00390625 11 -1.4274809160305344 10.297709923664122 END
START 1.7557251908396947 0.25634765625 -0.04248046875 12 -1.297709923664122 9.267175572519085 END
START 0.366412213740458 0.204833984375 0.00927734375 13 -2.2595419847328246 6.916030534351145 END
START 0.5419847328244275 0.123046875 -0.008056640625 14 -2.053435114503817 4.625954198473282 END
START 0.1297709923664122 0.098388671875 0.006591796875 15 -1.702290076335878 2.053435114503817 END
START 0.37404580152671757 0.119873046875 -0.026611328125 16 -0.48854961832061067 0.5419847328244275 END
START 0.2900763358778626 0.12646484375 -0.02490234375 17 -0.04580152671755725 0.030534351145038167 END
START 0.48091603053435117 0.142333984375 -0.03955078125 18 0.6564885496183206 -0.5954198473282443 END
START 0.5725190839694656 0.1767578125 -0.0390625 19 1.0 -1.2213740458015268 END
START 0.7862595419847328 0.171875 -0.038330078125 20 1.3206106870229009 -2.2900763358778624 END
START 1.1145038167938932 0.17041015625 -0.041259765625 21 1.7099236641221374 -2.145038167938931 END
START 0.9465648854961832 0.15185546875 -0.03662109375 22 3.0229007633587788 -5.038167938931298 END
START 0.04580152671755725 0.145751953125 -0.010009765625 23 2.732824427480916 -7.282442748091603 END
START 1.2595419847328244 0.141845703125 -0.03564453125 24 3.4656488549618323 -8.992366412213741 END
START 0.7480916030534351 0.16259765625 -0.011474609375 25 1.9923664122137406 -11.687022900763358 END
START 0.9618320610687023 0.1767578125 -0.029296875 26 4.32824427480916 -14.068702290076336 END
START 2.2442748091603053 0.27880859375 -0.057861328125 27 4.137404580152672 -15.366412213740459 END
START 0.15267175572519084 0.333984375 0.014404296875 28 7.458015267175573 -11.19083969465649 END
START -0.44274809160305345 0.305419921875 0.083984375 29 3.1603053435114505 -8.725190839694656 END
START -1.0763358778625953 0.348876953125 0.06982421875 30 1.0916030534351144 -3.9770992366412212 END
START -0.03816793893129771 0.331787109375 0.029541015625 31 -1.6717557251908397 -3.198473282442748 END
START 1.8015267175572518 0.2861328125 -0.032470703125 32 0.1297709923664122 -3.2061068702290076 END
START 0.9541984732824428 0.224365234375 -0.00341796875 33 0.8625954198473282 -3.801526717557252 END
START 0.8396946564885496 0.203369140625 -0.004638671875 34 2.2748091603053435 -5.091603053435114 END
START -0.29770992366412213 0.2109375 0.044189453125 35 1.717557251908397 -4.480916030534351 END
START 0.07633587786259542 0.24072265625 0.0107421875 36 1.381679389312977 -5.251908396946565 END
START -0.13740458015267176 0.272216796875 0.014892578125 37 1.4732824427480915 -5.015267175572519 END
START -0.08396946564885496 0.315673828125 -0.007568359375 38 0.8015267175572519 -3.786259541984733 END
START 0.2748091603053435 0.34619140625 -0.015869140625 39 1.015267175572519 -1.900763358778626 END
START 0.1297709923664122 0.322021484375 0.01123046875 40 -0.46564885496183206 1.6488549618320612 END
START -0.07633587786259542 0.28125 0.00439453125 41 -0.3511450381679389 0.7557251908396947 END
START 0.17557251908396945 0.24365234375 0.002685546875 42 -1.8625954198473282 -0.4351145038167939 END
START -0.16030534351145037 0.2373046875 0.005615234375 43 0.1450381679389313 -0.40458015267175573 END
START -0.3969465648854962 0.236572265625 0.015380859375 44 0.45038167938931295 -0.5267175572519084 END
START -0.09923664122137404 0.259765625 0.01318359375 45 0.5954198473282443 -1.3893129770992367 END
START -0.6030534351145038 0.27294921875 0.02197265625 46 0.9312977099236641 -1.2061068702290076 END
START 0.022900763358778626 0.296630859375 -0.009033203125 47 1.0 -0.9541984732824428 END
START -0.21374045801526717 0.2978515625 0.01708984375 48 0.10687022900763359 0.6030534351145038 END
START -0.015267175572519083 0.289306640625 0.002197265625 49 0.06870229007633588 0.9694656488549618 END
START -0.04580152671755725 0.277587890625 0.0087890625 50 -0.12213740458015267 0.6946564885496184 END
START 0.19083969465648856 0.271484375 0.005859375 51 -0.11450381679389313 0.46564885496183206 END
START 0.16793893129770993 0.2685546875 0.02978515625 52 -0.4351145038167939 0.19083969465648856 END
START 0.3969465648854962 0.26708984375 -0.005615234375 53 -0.17557251908396945 -0.10687022900763359 END
START 0.3969465648854962 0.275146484375 0.008544921875 54 -0.32061068702290074 -0.03816793893129771 END
START 0.37404580152671757 0.278076171875 0.012939453125 55 -0.7404580152671756 -0.22137404580152673 END
START 0.4580152671755725 0.262451171875 0.0048828125 56 -0.3816793893129771 -0.6030534351145038 END
START 0.45038167938931295 0.27099609375 0.021240234375 57 -0.5572519083969466 -0.3511450381679389 END
START 0.33587786259541985 0.2734375 0.012939453125 58 0.1297709923664122 0.22137404580152673 END
START 0.4580152671755725 0.266845703125 0.001220703125 59 0.10687022900763359 0.25190839694656486 END
START 0.3969465648854962 0.27587890625 -0.009765625 60 0.22900763358778625 0.46564885496183206 END
START 0.24427480916030533 0.2763671875 0.01513671875 61 0.0916030534351145 0.42748091603053434 END
START 0.10687022900763359 0.28515625 0.01513671875 62 0.183206106870229 0.648854961832061 END
START 0.12213740458015267 0.28369140625 0.0087890625 63 0.061068702290076333 0.6717557251908397 END
START 0.1984732824427481 0.2783203125 0.004150390625 64 -0.04580152671755725 0.26717557251908397 END
START 0.4580152671755725 0.26611328125 0.00732421875 65 -0.16030534351145037 -0.007633587786259542 END
START 0.5343511450381679 0.268310546875 0.00732421875 66 -0.22900763358778625 -0.11450381679389313 END
START 0.7938931297709924 0.27001953125 0.006591796875 67 -0.5114503816793893 -0.3282442748091603 END
START 0.7251908396946565 0.27490234375 0.0126953125 68 -0.5267175572519084 -0.26717557251908397 END
START 0.8320610687022901 0.2763671875 0.014404296875 69 -1.2061068702290076 0.015267175572519083 END
START 0.6717557251908397 0.288818359375 0.010986328125 70 -0.7786259541984732 0.5725190839694656 END
START 0.05343511450381679 0.2724609375 0.0146484375 71 -0.13740458015267176 0.48854961832061067 END
START -0.03816793893129771 0.268310546875 0.0 72 0.183206106870229 0.4122137404580153 END
START -0.0916030534351145 0.2724609375 0.00537109375 73 0.24427480916030533 0.3053435114503817 END
START 0.04580152671755725 0.273681640625 0.00634765625 74 0.3053435114503817 0.061068702290076333 END
START 0.09923664122137404 0.270751953125 0.01025390625 75 0.07633587786259542 0.06870229007633588 END
START 0.2595419847328244 0.26953125 0.0087890625 76 -0.015267175572519083 -0.16793893129770993 END
START 0.40458015267175573 0.274658203125 0.007080078125 77 -0.5343511450381679 -0.03816793893129771 END
START 0.5725190839694656 0.27880859375 -0.013916015625 78 -0.7251908396946565 0.06870229007633588 END