START -2.2977099236641223 0.302001953125 0.10302734375 2 -7.129770992366412 10.618320610687023 END
START -1.8702290076335877 0.337158203125 0.014892578125 3 -9.076335877862595 12.251908396946565 END
START -1.6564885496183206 0.301513671875 -0.025634765625 4 -8.15267175572519 11.541984732824428 END
START -0.6335877862595419 0.273193359375 -0.055419921875 5 -7.824427480916031 10.50381679389313 END
START 0.20610687022900764 0.214599609375 -0.06396484375 6 -4.0534351145038165 6.526717557251908 END
START 0.022900763358778626 0.18017578125 -0.035888671875 7 -3.5572519083969465 7.656488549618321 END
START -1.9312977099236641 0.173095703125 -0.01953125 8 -2.0763358778625953 4.106870229007634 END
START 1.1297709923664123 0.209228515625 -0.016357421875 9 -1.6259541984732824 2.5114503816793894 END
START 0.4580152671755725 0.2626953125 -0.037841796875 10 -0.4961832061068702 4.3816793893129775 END
START 0.6564885496183206 0.228515625 -0.0146484375 11 -1.5038167938931297 4.793893129770993 END
START 0.8015267175572519 0.256591796875 -0.042724609375 12 -2.015267175572519 7.480916030534351 END
START 0.29770992366412213 0.266845703125 -0.053955078125 13 -2.687022900763359 7.885496183206107 END
START -0.08396946564885496 0.214599609375 -0.04345703125 14 -3.6564885496183206 7.694656488549619 END
START -0.007633587786259542 0.1826171875 -0.03955078125 15 -0.366412213740458 3.885496183206107 END
START 0.3053435114503817 0.141845703125 -0.0341796875 16 -0.2595419847328244 2.480916030534351 END
START 0.6335877862595419 0.143798828125 -0.044677734375 17 0.5343511450381679 0.732824427480916 END
START 1.2442748091603053 0.15576171875 -0.048095703125 18 1.0687022900763359 -0.9618320610687023 END
START 1.381679389312977 0.1416015625 -0.039794921875 19 1.900763358778626 -2.687022900763359 END
START 0.6870229007633588 0.150146484375 -0.004638671875 20 0.0 -4.198473282442748 END
START 0.8549618320610687 0.1416015625 -0.04443359375 21 3.3053435114503817 -5.648854961832061 END
START 1.2442748091603053 0.1884765625 -0.075439453125 22 5.030534351145038 -7.282442748091603 END
START 1.6412213740458015 0.1923828125 -0.05126953125 23 5.694656488549619 -8.198473282442748 END
START 2.2213740458015265 0.174560546875 -0.053955078125 24 5.938931297709924 -13.664122137404581 END
START 0.8473282442748091 0.13720703125 0.026611328125 25 9.854961832061068 -16.396946564885496 END
START -1.618320610687023 0.12890625 0.134033203125 26 8.526717557251908 -16.015267175572518 END
START -1.381679389312977 0.21875 0.075439453125 27 5.465648854961832 -16.549618320610687 END
START 0.6259541984732825 0.44921875 -0.060302734375 28 7.770992366412214 -11.091603053435115 END
START 1.6259541984732824 0.527099609375 -0.0234375 29 2.1603053435114505 -4.66412213740458 END
START 1.4732824427480915 0.422119140625 0.036865234375 30 0.0916030534351145 -0.4122137404580153 END
START 2.122137404580153 0.33349609375 -0.007568359375 31 -0.4732824427480916 0.21374045801526717 END
START 3.801526717557252 0.251220703125 0.012939453125 32 0.1984732824427481 -1.6106870229007633 END
START 0.33587786259541985 0.20263671875 0.060546875 33 0.183206106870229 -2.2290076335877864 END
START -0.5038167938931297 0.216552734375 0.041748046875 34 -0.1984732824427481 -1.9770992366412214 END
START -0.061068702290076333 0.259765625 0.000244140625 35 -0.12213740458015267 -1.0076335877862594 END
START -1.9312977099236641 0.2841796875 -0.007568359375 36 -0.7633587786259542 -0.40458015267175573 END
START 0.5877862595419847 0.280517578125 -0.015380859375 37 -0.3282442748091603 -0.6183206106870229 END
START 0.25190839694656486 0.271728515625 0.00634765625 38 -0.22137404580152673 0.1450381679389313 END
START 0.3053435114503817 0.29052734375 -0.005859375 39 -0.007633587786259542 0.4732824427480916 END
START 0.5190839694656488 0.2880859375 -0.005615234375 40 0.015267175572519083 1.9312977099236641 END
START 0.2595419847328244 0.252685546875 0.01171875 41 0.11450381679389313 -0.22137404580152673 END
START 0.7099236641221374 0.252197265625 -0.001953125 42 0.46564885496183206 -1.3282442748091603 END
START 0.015267175572519083 0.26220703125 0.037353515625 43 0.12213740458015267 -1.4885496183206106 END
START -0.10687022900763359 0.26171875 0.023193359375 44 0.29770992366412213 -0.9847328244274809 END
START -0.12213740458015267 0.274169921875 0.042236328125 45 -0.48091603053435117 -0.9389312977099237 END
START 0.022900763358778626 0.26806640625 0.006591796875 46 -0.5190839694656488 -0.5572519083969466 END
START 0.13740458015267176 0.28173828125 0.010986328125 47 -0.3053435114503817 -0.3816793893129771 END
START 0.061068702290076333 0.291015625 0.005859375 48 -0.13740458015267176 -0.06870229007633588 END
START 0.11450381679389313 0.292724609375 0.004150390625 49 -0.007633587786259542 0.3282442748091603 END
START -0.12213740458015267 0.279052734375 0.00634765625 50 -0.015267175572519083 0.183206106870229 END
START -0.35877862595419846 0.276123046875 0.013671875 51 -0.11450381679389313 0.37404580152671757 END
START -0.1984732824427481 0.27587890625 0.00048828125 52 0.022900763358778626 0.0916030534351145 END
START 0.17557251908396945 0.2666015625 -0.0048828125 53 -0.061068702290076333 0.007633587786259542 END
START 0.10687022900763359 0.27880859375 0.02734375 54 -0.022900763358778626 -0.07633587786259542 END
START 0.2595419847328244 0.283935546875 0.014404296875 55 0.07633587786259542 0.21374045801526717 END
START 0.44274809160305345 0.296142578125 -0.015380859375 56 -0.030534351145038167 0.8625954198473282 END
START 0.5954198473282443 0.283203125 0.003173828125 57 0.0916030534351145 0.8396946564885496 END
START 0.46564885496183206 0.26953125 0.0283203125 58 -0.07633587786259542 0.2748091603053435 END
START 0.22137404580152673 0.26171875 0.022216796875 59 0.030534351145038167 -0.07633587786259542 END
START 0.07633587786259542 0.273193359375 0.007568359375 60 0.10687022900763359 0.4122137404580153 END
START 0.2366412213740458 0.27880859375 0.001220703125 61 0.2900763358778626 0.1450381679389313 END
START 0.21374045801526717 0.27978515625 0.006103515625 62 0.183206106870229 0.20610687022900764 END
START 0.1297709923664122 0.27490234375 0.01123046875 63 0.06870229007633588 0.007633587786259542 END
START -0.3282442748091603 0.263427734375 0.026611328125 64 -0.10687022900763359 -0.44274809160305345 END
START -0.183206106870229 0.2802734375 0.0068359375 65 -0.8549618320610687 0.15267175572519084 END
START 0.09923664122137404 0.266845703125 -0.006591796875 66 -0.5038167938931297 -0.06870229007633588 END
START 0.0916030534351145 0.29638671875 0.004150390625 67 -0.5114503816793893 -0.17557251908396945 END
START 0.42748091603053434 0.277587890625 -0.001220703125 68 -0.183206106870229 0.5572519083969466 END
START 0.37404580152671757 0.2744140625 0.024658203125 69 -0.4732824427480916 1.0687022900763359 END
START 0.7633587786259542 0.281494140625 -0.006591796875 70 -1.900763358778626 0.42748091603053434 END
START 0.4732824427480916 0.27880859375 0.018798828125 71 -0.35877862595419846 0.46564885496183206 END
START 0.3053435114503817 0.260986328125 0.00390625 72 0.15267175572519084 -0.07633587786259542 END
START 0.21374045801526717 0.2607421875 0.0185546875 73 0.07633587786259542 -0.22900763358778625 END
START -1.9389312977099236 0.268798828125 0.01416015625 74 0.0916030534351145 -0.35877862595419846 END
START -0.06870229007633588 0.27685546875 0.007080078125 75 -0.25190839694656486 -0.366412213740458 END
START 0.08396946564885496 0.2802734375 0.005859375 76 -0.37404580152671757 -0.3969465648854962 END
START 0.13740458015267176 0.279541015625 0.007568359375 77 -0.4198473282442748 -0.03816793893129771 END