START -2.053435114503817 0.238525390625 0.099365234375 2 -4.3816793893129775 12.511450381679388 END
START -1.7099236641221374 0.23583984375 0.03955078125 3 -6.099236641221374 11.572519083969466 END
START -2.4656488549618323 0.203369140625 0.0498046875 4 -4.877862595419847 10.86259541984733 END
START -3.3435114503816794 0.176025390625 0.084716796875 5 -7.526717557251908 9.183206106870228 END
START -3.3893129770992365 0.181640625 0.038818359375 6 -7.717557251908397 9.740458015267176 END
START -2.282442748091603 0.17236328125 -0.02734375 7 -7.809160305343512 6.320610687022901 END
START -2.2442748091603053 0.21826171875 -0.033935546875 8 -6.251908396946565 6.33587786259542 END
START -2.3740458015267176 0.203857421875 0.01171875 9 -7.038167938931298 6.129770992366412 END
START -1.1984732824427482 0.25048828125 -0.056640625 10 -6.5038167938931295 6.320610687022901 END
START 0.0916030534351145 0.30908203125 -0.068115234375 11 -4.816793893129771 6.595419847328245 END
START 0.7022900763358778 0.369873046875 -0.075927734375 12 -4.66412213740458 9.549618320610687 END
START 0.3816793893129771 0.355224609375 -0.03076171875 13 -5.145038167938932 11.374045801526718 END
START 1.2366412213740459 0.35302734375 -0.05419921875 14 -7.648854961832061 13.083969465648854 END
START 2.877862595419847 0.330322265625 -0.076416015625 15 -6.3816793893129775 13.725190839694656 END
START 3.4580152671755724 0.260009765625 -0.06591796875 16 -5.015267175572519 12.312977099236642 END
START 2.7022900763358777 0.2109375 0.024169921875 17 -4.625954198473282 12.84732824427481 END
START 1.5877862595419847 0.182861328125 0.153076171875 18 -6.66412213740458 15.13740458015267 END
START -2.030534351145038 0.092529296875 0.097412109375 19 -9.778625954198473 10.694656488549619 END
START -0.42748091603053434 0.0517578125 -0.08740234375 20 -5.687022900763359 2.0916030534351147 END
START 1.1068702290076335 0.074462890625 -0.1279296875 21 -0.030534351145038167 -1.2748091603053435 END
START 0.2824427480916031 0.10400390625 -0.0458984375 22 -0.48091603053435117 -0.17557251908396945 END
START -0.6946564885496184 0.13232421875 -0.028564453125 23 -2.267175572519084 1.2748091603053435 END
START -0.06870229007633588 0.175537109375 -0.0810546875 24 -1.6717557251908397 1.0229007633587786 END
START 0.5114503816793893 0.179443359375 -0.120849609375 25 -0.0916030534351145 -0.19083969465648856 END
START 0.6564885496183206 0.1826171875 -0.07373046875 26 0.24427480916030533 -1.4732824427480915 END
START 0.25190839694656486 0.181396484375 -0.056640625 27 0.7251908396946565 -3.7251908396946565 END
START -0.08396946564885496 0.1787109375 -0.038818359375 28 0.3816793893129771 -1.5114503816793894 END
START 0.10687022900763359 0.196044921875 -0.05859375 29 1.2290076335877862 -0.8931297709923665 END
START -0.09923664122137404 0.20361328125 -0.05322265625 30 1.984732824427481 -1.2595419847328244 END
START -1.8396946564885497 0.219482421875 -0.064453125 31 2.946564885496183 -1.251908396946565 END
START 0.8702290076335878 0.2568359375 -0.0830078125 32 3.549618320610687 -0.6259541984732825 END
START 1.282442748091603 0.28662109375 -0.070068359375 33 3.7404580152671754 0.48091603053435117 END
START 1.4122137404580153 0.290771484375 -0.036376953125 34 3.3435114503816794 2.0 END
START 1.7709923664122138 0.29638671875 -0.041748046875 35 2.2977099236641223 3.068702290076336 END
START 2.0610687022900764 0.2802734375 -0.025634765625 36 1.5801526717557253 3.6259541984732824 END
START 2.2977099236641223 0.24951171875 -0.001708984375 37 0.5267175572519084 3.8625954198473282 END
START 2.030534351145038 0.214599609375 -0.001953125 38 -0.17557251908396945 3.2442748091603053 END
START 1.3435114503816794 0.177978515625 0.0224609375 39 -0.19083969465648856 1.0687022900763359 END
START 1.297709923664122 0.140380859375 0.000244140625 40 0.25190839694656486 0.11450381679389313 END
START 1.1908396946564885 0.132080078125 -0.031494140625 41 0.4198473282442748 0.22137404580152673 END
START 0.5877862595419847 0.107666015625 -0.0048828125 42 0.22900763358778625 -1.4122137404580153 END
START -1.9083969465648856 0.1171875 -0.00390625 43 0.8244274809160306 -2.2061068702290076 END
START 1.4961832061068703 0.0927734375 -0.077392578125 44 2.0 -4.648854961832061 END
START 1.3435114503816794 0.12353515625 -0.052001953125 45 2.7557251908396947 -4.748091603053435 END
START 0.40458015267175573 0.087158203125 0.031005859375 46 2.3740458015267176 -6.198473282442748 END
START -0.2900763358778626 0.08447265625 0.041015625 47 3.3435114503816794 -6.801526717557252 END
START -1.0229007633587786 0.108154296875 0.06103515625 48 2.801526717557252 -6.961832061068702 END
START -1.099236641221374 0.12939453125 0.002685546875 49 3.1068702290076335 -7.206106870229007 END
START -0.916030534351145 0.155029296875 -0.014404296875 50 3.3969465648854964 -7.625954198473282 END
START -0.8396946564885496 0.155029296875 -0.02001953125 51 3.1755725190839694 -8.473282442748092 END
START -1.0381679389312977 0.161865234375 0.00390625 52 3.0839694656488548 -8.206106870229007 END
START -0.13740458015267176 0.160400390625 -0.031005859375 53 2.030534351145038 -12.450381679389313 END
START 0.8320610687022901 0.179931640625 -0.059326171875 54 4.755725190839694 -13.98473282442748 END
START 0.7175572519083969 0.16650390625 -0.0224609375 55 5.3893129770992365 -14.954198473282442 END
START 0.9541984732824428 0.18212890625 -0.00244140625 56 5.106870229007634 -15.49618320610687 END
START 0.7404580152671756 0.192138671875 0.010009765625 57 5.656488549618321 -16.00763358778626 END
START 0.5725190839694656 0.17236328125 0.0498046875 58 5.137404580152672 -17.18320610687023 END
START 0.9770992366412213 0.208984375 0.004638671875 59 5.251908396946565 -19.12213740458015 END
START 1.8396946564885497 0.261962890625 0.02685546875 60 6.99236641221374 -20.740458015267176 END
START 1.3511450381679388 0.3232421875 0.090576171875 61 6.931297709923665 -18.740458015267176 END
START -0.6412213740458015 0.39453125 0.16357421875 62 3.801526717557252 -15.13740458015267 END
START -2.2442748091603053 0.459228515625 0.114990234375 63 1.6870229007633588 -10.541984732824428 END
START -2.030534351145038 0.48876953125 0.03955078125 64 -3.267175572519084 -7.038167938931298 END
START -0.8320610687022901 0.506591796875 -0.029541015625 65 -3.351145038167939 -4.748091603053435 END
START -0.5114503816793893 0.47314453125 -0.0234375 66 -3.6717557251908395 -3.0229007633587788 END
START -0.4580152671755725 0.422607421875 -0.003662109375 67 -4.114503816793893 -1.213740458015267 END
START -0.48091603053435117 0.35595703125 -0.01416015625 68 -3.816793893129771 -0.22137404580152673 END
START -0.8549618320610687 0.284912109375 -0.013916015625 69 -2.854961832061069 -0.549618320610687 END
START -0.31297709923664124 0.277587890625 -0.060791015625 70 -1.8244274809160306 -1.7709923664122138 END
START 0.16030534351145037 0.2783203125 -0.073974609375 71 0.17557251908396945 -2.2748091603053435 END
START 0.6793893129770993 0.267333984375 -0.055419921875 72 0.4732824427480916 -2.7480916030534353 END
START 0.6870229007633588 0.2548828125 -0.043701171875 73 1.7099236641221374 -4.190839694656488 END
START 0.8549618320610687 0.2353515625 0.020263671875 74 4.412213740458015 16.778625954198475 END
START 0.6030534351145038 0.159423828125 0.190185546875 75 -0.9236641221374046 12.320610687022901 END
START -0.8396946564885496 0.301025390625 0.059814453125 76 3.4427480916030535 4.3816793893129775 END
START 0.7404580152671756 0.250244140625 -0.020751953125 77 1.8702290076335877 0.46564885496183206 END
START 1.16793893129771 0.252685546875 0.0166015625 78 -1.1374045801526718 -1.6488549618320612 END
START 1.0610687022900764 0.267822265625 0.005859375 79 -0.7786259541984732 -3.1068702290076335 END
START 0.6030534351145038 0.273193359375 0.0029296875 80 -3.5801526717557253 -2.4198473282442747 END
START -0.1450381679389313 0.2587890625 0.016845703125 81 -0.9770992366412213 0.6335877862595419 END
START -0.3282442748091603 0.280029296875 -0.00244140625 82 0.8091603053435115 1.3282442748091603 END
START -0.04580152671755725 0.2734375 0.00390625 83 -0.3816793893129771 -0.6717557251908397 END
START 0.1450381679389313 0.290283203125 -0.00341796875 84 3.2900763358778624 -0.16030534351145037 END
START 0.4732824427480916 0.25830078125 0.031005859375 85 -1.7251908396946565 -2.519083969465649 END
START 1.9465648854961832 0.25048828125 0.022216796875 86 1.7251908396946565 -1.4809160305343512 END
START 0.44274809160305345 0.25146484375 0.014892578125 87 -0.4122137404580153 -0.7633587786259542 END
START 0.5954198473282443 0.277099609375 0.005615234375 88 -0.7404580152671756 -0.549618320610687 END
START 0.8015267175572519 0.27587890625 0.007568359375 89 -0.8396946564885496 -0.16793893129770993 END
START -0.4198473282442748 0.28173828125 0.013916015625 90 0.40458015267175573 -0.44274809160305345 END
START 0.4732824427480916 0.30712890625 -0.0185546875 91 0.1297709923664122 -2.4580152671755724 END
START 0.7480916030534351 0.278564453125 -0.0234375 92 -1.1221374045801527 -2.50381679389313 END
START 0.6870229007633588 0.279052734375 -0.007568359375 93 1.7099236641221374 -1.1908396946564885 END
START 0.32061068702290074 0.281005859375 0.003173828125 94 0.37404580152671757 0.03816793893129771 END
START -0.13740458015267176 0.2607421875 0.01416015625 95 1.1755725190839694 1.0458015267175573 END
START 0.35877862595419846 0.253662109375 0.009765625 96 0.3969465648854962 0.6335877862595419 END
START 0.32061068702290074 0.267333984375 0.000244140625 97 1.9236641221374047 0.8931297709923665 END
START 0.3893129770992366 0.263671875 0.00927734375 98 0.25190839694656486 1.1984732824427482 END
START -1.9465648854961832 0.287109375 0.029296875 99 -0.061068702290076333 -0.4351145038167939 END
START 0.10687022900763359 0.282470703125 0.00244140625 100 -0.6259541984732825 -0.8549618320610687 END
START -0.12213740458015267 0.286865234375 -0.00537109375 101 -0.04580152671755725 0.29770992366412213 END
START -0.3435114503816794 0.28076171875 -0.0009765625 102 0.6641221374045801 1.2900763358778626 END
START 0.7557251908396947 0.274169921875 -0.009765625 103 -0.3969465648854962 0.7251908396946565 END
START 0.3282442748091603 0.27978515625 0.027587890625 104 -1.1526717557251909 1.8396946564885497 END
START 0.22900763358778625 0.26953125 0.0146484375 105 0.4351145038167939 -0.10687022900763359 END
START 0.10687022900763359 0.264892578125 0.01220703125 106 0.6793893129770993 0.04580152671755725 END
START 0.26717557251908397 0.2763671875 0.009765625 107 -0.5038167938931297 -0.5877862595419847 END
START -0.20610687022900764 0.2734375 0.006103515625 108 -0.6335877862595419 -0.19083969465648856 END
START -0.2900763358778626 0.26708984375 0.015625 109 -0.6412213740458015 0.17557251908396945 END
START 0.007633587786259542 0.287109375 -0.008056640625 110 -0.549618320610687 -0.9465648854961832 END
START -0.5267175572519084 0.284423828125 -0.00634765625 111 -0.4580152671755725 -0.6793893129770993 END
START -0.1984732824427481 0.2822265625 0.00732421875 112 -0.8549618320610687 -0.37404580152671757 END
START 0.17557251908396945 0.28466796875 -0.00537109375 113 -0.5114503816793893 -0.33587786259541985 END
START 0.31297709923664124 0.29345703125 0.002685546875 114 -0.03816793893129771 -0.05343511450381679 END
START 0.4732824427480916 0.27587890625 0.00927734375 115 -1.9312977099236641 0.08396946564885496 END
START 0.40458015267175573 0.271728515625 0.0126953125 116 0.061068702290076333 0.21374045801526717 END
START 0.5267175572519084 0.276611328125 -0.00048828125 117 0.0916030534351145 0.33587786259541985 END
START 0.29770992366412213 0.277099609375 0.008544921875 118 0.08396946564885496 0.2900763358778626 END
START -0.07633587786259542 0.28955078125 0.01025390625 119 -0.11450381679389313 -0.20610687022900764 END
START -0.030534351145038167 0.281494140625 -0.003173828125 120 0.15267175572519084 0.4351145038167939 END
START 0.12213740458015267 0.28369140625 -0.0048828125 121 0.33587786259541985 1.5114503816793894 END
START 0.19083969465648856 0.27734375 0.00390625 122 0.2366412213740458 1.5038167938931297 END
START -0.20610687022900764 0.267822265625 0.014404296875 123 0.16793893129770993 2.198473282442748 END
START -0.20610687022900764 0.280517578125 0.02392578125 124 0.1297709923664122 3.7022900763358777 END
START -0.022900763358778626 0.2822265625 -0.017822265625 125 -0.8549618320610687 0.05343511450381679 END
START -0.0916030534351145 0.262939453125 0.025146484375 126 -1.2671755725190839 2.0763358778625953 END
START 0.3511450381679389 0.228759765625 0.014404296875 127 1.2366412213740459 0.22137404580152673 END
START 0.6641221374045801 0.27392578125 -0.02734375 128 0.2366412213740458 -1.0763358778625953 END
START -1.3511450381679388 0.264892578125 0.009033203125 129 -0.2366412213740458 -1.816793893129771 END
START -0.48091603053435117 0.2919921875 -0.0009765625 130 -0.32061068702290074 -1.183206106870229 END
START 0.6870229007633588 0.293212890625 -0.044677734375 131 1.9389312977099236 -3.5572519083969465 END
START 0.24427480916030533 0.272705078125 0.0498046875 132 -0.8396946564885496 -0.7709923664122137 END
START 0.44274809160305345 0.258056640625 0.005126953125 133 1.633587786259542 0.40458015267175573 END