START -1.1297709923664123 0.276611328125 0.104736328125 2 1.6412213740458015 5.961832061068702 END
START -3.0916030534351147 0.2548828125 0.070068359375 3 -1.7328244274809161 9.335877862595419 END
START -3.6106870229007635 0.2529296875 0.085205078125 4 -2.0381679389312977 12.717557251908397 END
START -3.267175572519084 0.29638671875 0.019287109375 5 -5.740458015267175 15.419847328244275 END
START -2.0610687022900764 0.29345703125 -0.010986328125 6 -5.419847328244275 13.358778625954198 END
START -0.2824427480916031 0.289306640625 -0.029052734375 7 -5.587786259541985 14.053435114503817 END
START 0.366412213740458 0.3173828125 -0.043212890625 8 -4.297709923664122 14.900763358778626 END
START 1.8778625954198473 0.359130859375 -0.088623046875 9 -5.198473282442748 17.595419847328245 END
START 1.0916030534351144 0.25732421875 -0.0244140625 10 -4.854961832061068 14.564885496183207 END
START -0.5267175572519084 0.1318359375 0.050048828125 11 -2.5114503816793894 6.465648854961832 END
START -0.37404580152671757 0.1103515625 -0.0693359375 12 -1.2290076335877862 3.282442748091603 END
START 0.9923664122137404 0.10302734375 -0.03466796875 13 -0.33587786259541985 1.702290076335878 END
START -1.8473282442748091 0.072509765625 0.07958984375 14 1.5725190839694656 1.297709923664122 END
START -2.5419847328244276 0.124267578125 0.0498046875 15 -0.20610687022900764 1.549618320610687 END
START -0.33587786259541985 0.213623046875 -0.017822265625 16 -0.5954198473282443 1.7633587786259541 END
START 0.04580152671755725 0.22021484375 -0.040771484375 17 0.37404580152671757 2.7480916030534353 END
START 0.7938931297709924 0.2119140625 -0.0224609375 18 -0.8015267175572519 2.854961832061069 END
START 0.12213740458015267 0.192626953125 -0.004638671875 19 -1.5419847328244274 1.534351145038168 END
START -0.5648854961832062 0.16259765625 -0.0244140625 20 -0.9083969465648855 -0.19083969465648856 END
START 0.8473282442748091 0.150390625 -0.090087890625 21 -0.9694656488549618 -3.7786259541984735 END
START 1.618320610687023 0.130126953125 -0.08447265625 22 0.5877862595419847 -6.236641221374046 END
START 3.8625954198473282 0.14794921875 -0.15625 23 2.687022900763359 -8.595419847328245 END
START 7.770992366412214 0.188720703125 -0.167236328125 24 6.679389312977099 -10.50381679389313 END
START 7.625954198473282 0.140625 -0.081787109375 25 9.83969465648855 -13.076335877862595 END
START 7.435114503816794 0.151611328125 -0.02392578125 26 11.625954198473282 -16.022900763358777 END
START 6.580152671755725 0.186279296875 0.012939453125 27 12.442748091603054 -20.47328244274809 END
START 2.633587786259542 0.127685546875 0.227294921875 28 8.083969465648854 -19.946564885496183 END
START -0.7862595419847328 0.176025390625 0.24853515625 29 4.427480916030534 -21.358778625954198 END
START -0.5877862595419847 0.3525390625 0.089111328125 30 1.2900763358778626 -18.81679389312977 END
START -1.4198473282442747 0.47900390625 0.096923828125 31 -3.900763358778626 -8.381679389312977 END
START -1.5954198473282444 0.441650390625 0.088623046875 32 -5.32824427480916 -3.1908396946564888 END
START -1.1374045801526718 0.39111328125 0.0283203125 33 -6.33587786259542 -0.5725190839694656 END
START -0.05343511450381679 0.324462890625 -0.050537109375 34 -4.3816793893129775 -1.3206106870229009 END
START 0.42748091603053434 0.268798828125 -0.05126953125 35 -2.213740458015267 -2.648854961832061 END
START 1.1450381679389312 0.26708984375 -0.048095703125 36 -0.17557251908396945 -3.267175572519084 END
START 1.297709923664122 0.269775390625 -0.032470703125 37 1.465648854961832 -3.3587786259541983 END
START 1.2213740458015268 0.26806640625 -0.003662109375 38 1.618320610687023 -2.2290076335877864 END
START 0.7938931297709924 0.2919921875 0.0390625 39 0.7099236641221374 4.358778625954199 END
START 1.6106870229007633 0.424560546875 0.07958984375 40 -3.6793893129770994 -0.22137404580152673 END
START 1.2442748091603053 0.28759765625 0.001708984375 41 0.7404580152671756 1.900763358778626 END
START 1.0076335877862594 0.28466796875 0.0087890625 42 -0.8778625954198473 0.5419847328244275 END
START -0.1984732824427481 0.262451171875 0.02392578125 43 -0.4961832061068702 0.5038167938931297 END
START -0.3282442748091603 0.267578125 0.00830078125 44 -0.48091603053435117 -0.4351145038167939 END
START -0.4122137404580153 0.2841796875 0.003662109375 45 0.05343511450381679 -0.2595419847328244 END
START 0.13740458015267176 0.294677734375 -0.005859375 46 -1.900763358778626 -0.6106870229007634 END
START 0.06870229007633588 0.291748046875 0.0087890625 47 -0.1450381679389313 -0.2900763358778626 END
START -0.10687022900763359 0.285400390625 0.00732421875 48 -1.213740458015267 1.0076335877862594 END
START 0.7557251908396947 0.288330078125 -0.006103515625 49 -0.9236641221374046 -1.0687022900763359 END
START 0.7786259541984732 0.293701171875 -0.015625 50 0.7786259541984732 1.2290076335877862 END
START 0.25190839694656486 0.298583984375 0.04443359375 51 -1.3740458015267176 0.9618320610687023 END
START 0.007633587786259542 0.278564453125 0.0087890625 52 -0.6717557251908397 -0.16030534351145037 END
START 0.061068702290076333 0.2548828125 0.009765625 53 -0.7022900763358778 -0.366412213740458 END
START 0.16793893129770993 0.27734375 0.00390625 54 -0.549618320610687 -0.46564885496183206 END
START 1.9389312977099236 0.27197265625 0.01025390625 55 -0.1450381679389313 -0.44274809160305345 END
START 0.0916030534351145 0.28076171875 0.0009765625 56 0.007633587786259542 -0.4351145038167939 END
START 0.26717557251908397 0.29931640625 -0.016845703125 57 0.6564885496183206 -0.20610687022900764 END
START 0.16793893129770993 0.291748046875 -0.003173828125 58 0.5954198473282443 0.3053435114503817 END
START 0.05343511450381679 0.287841796875 0.013916015625 59 0.5877862595419847 0.4198473282442748 END
START 0.11450381679389313 0.291259765625 0.013671875 60 0.6870229007633588 0.3816793893129771 END
START -0.12213740458015267 0.31201171875 0.025634765625 61 -0.8702290076335878 1.213740458015267 END
START -0.21374045801526717 0.302001953125 0.020751953125 62 -1.0 1.5267175572519085 END
START -0.3435114503816794 0.283935546875 -0.009521484375 63 -0.8015267175572519 1.2900763358778626 END
START -0.10687022900763359 0.26220703125 0.0185546875 64 -1.0687022900763359 -0.5190839694656488 END
START -0.6946564885496184 0.252197265625 0.011474609375 65 -0.6412213740458015 -0.5190839694656488 END
START 0.1297709923664122 0.2783203125 -0.010498046875 66 -0.21374045801526717 -0.9847328244274809 END
START 0.10687022900763359 0.293701171875 0.003173828125 67 -0.4198473282442748 -0.2748091603053435 END
START 0.25190839694656486 0.291748046875 -0.00341796875 68 -0.12213740458015267 -0.33587786259541985 END
START 0.3511450381679389 0.291015625 -0.008056640625 69 0.2748091603053435 -0.061068702290076333 END
START 0.45038167938931295 0.3095703125 -0.00537109375 70 0.5190839694656488 0.8549618320610687 END
START 0.17557251908396945 0.3056640625 0.013671875 71 0.022900763358778626 1.6412213740458015 END
START -0.08396946564885496 0.2900390625 0.006591796875 72 1.900763358778626 1.3969465648854962 END
START 0.061068702290076333 0.27392578125 -0.007080078125 73 -0.15267175572519084 0.5648854961832062 END
START -0.05343511450381679 0.268798828125 0.015380859375 74 -0.2595419847328244 -0.24427480916030533 END
START 0.015267175572519083 0.27099609375 0.01318359375 75 -0.08396946564885496 -0.3435114503816794 END
START 0.11450381679389313 0.271240234375 0.0283203125 76 -0.3435114503816794 -0.48854961832061067 END
START 0.26717557251908397 0.28076171875 0.000732421875 77 -1.9541984732824427 -0.21374045801526717 END
START 0.05343511450381679 0.28173828125 0.01904296875 78 1.9236641221374047 -0.04580152671755725 END
START 0.24427480916030533 0.290771484375 -0.004150390625 79 0.5572519083969466 0.21374045801526717 END
START 0.13740458015267176 0.2919921875 0.015380859375 80 0.3435114503816794 0.9312977099236641 END
START -0.08396946564885496 0.28662109375 0.022216796875 81 0.1297709923664122 0.9312977099236641 END
START -0.12213740458015267 0.28662109375 0.0029296875 82 1.8931297709923665 1.099236641221374 END
START 0.3816793893129771 0.292236328125 -0.00048828125 83 0.07633587786259542 0.40458015267175573 END
START 0.2748091603053435 0.292724609375 -0.0029296875 84 -0.33587786259541985 0.7022900763358778 END
START 0.3893129770992366 0.268798828125 0.011962890625 85 -0.33587786259541985 -0.5572519083969466 END
START 0.5572519083969466 0.27978515625 0.00634765625 86 -0.732824427480916 -0.6946564885496184 END
START 0.5954198473282443 0.26806640625 0.006103515625 87 -0.19083969465648856 -0.8244274809160306 END
START 0.4122137404580153 0.275390625 0.013671875 88 1.9236641221374047 -0.183206106870229 END
START 0.48854961832061067 0.28076171875 0.004638671875 89 -1.9465648854961832 0.06870229007633588 END