START 11.045801526717558 0.294921875 -0.219970703125 2 4.984732824427481 -2.267175572519084 END
START 11.282442748091603 0.251708984375 -0.159423828125 3 8.877862595419847 -4.183206106870229 END
START 12.045801526717558 0.213134765625 -0.147705078125 4 12.419847328244275 -4.6106870229007635 END
START 10.709923664122137 0.184814453125 -0.04541015625 5 15.335877862595419 -3.3435114503816794 END
START 9.183206106870228 0.1025390625 0.014404296875 6 14.435114503816793 -6.458015267175573 END
START 6.480916030534351 0.13916015625 0.106689453125 7 11.114503816793894 -4.786259541984733 END
START 2.267175572519084 0.100341796875 0.19140625 8 8.877862595419847 -6.297709923664122 END
START -3.3893129770992365 0.060302734375 0.310791015625 9 4.412213740458015 -4.458015267175573 END
START -4.091603053435114 0.138916015625 0.197998046875 10 0.37404580152671757 -4.374045801526718 END
START -5.793893129770993 0.241455078125 0.107421875 11 -2.7557251908396947 -4.488549618320611 END
START -4.877862595419847 0.2177734375 0.08447265625 12 -3.877862595419847 -4.091603053435114 END
START -7.641221374045801 0.1748046875 0.15673828125 13 -7.244274809160306 -3.763358778625954 END
START -8.572519083969466 0.195068359375 0.05126953125 14 -6.885496183206107 -2.83206106870229 END
START -11.679389312977099 0.203857421875 0.044189453125 15 -5.519083969465649 -1.0610687022900764 END
START -12.900763358778626 0.226806640625 -0.04443359375 16 -7.435114503816794 -0.4580152671755725 END
START -11.885496183206106 0.196533203125 -0.0341796875 17 -8.01526717557252 -1.8778625954198473 END
START -9.473282442748092 0.2373046875 -0.14013671875 18 -7.3893129770992365 -3.519083969465649 END
START -7.564885496183206 0.301513671875 -0.177001953125 19 -6.244274809160306 -4.427480916030534 END
START -9.01526717557252 0.31298828125 -0.05517578125 20 -7.0 -1.5190839694656488 END
START -9.49618320610687 0.32568359375 -0.01904296875 21 -10.931297709923664 1.6030534351145038 END
START -7.458015267175573 0.395263671875 -0.12548828125 22 -10.32824427480916 3.0381679389312977 END
START -5.9465648854961835 0.404052734375 -0.1455078125 23 -10.221374045801527 4.00763358778626 END
START -2.0381679389312977 0.357177734375 -0.2001953125 24 -7.9541984732824424 5.969465648854962 END
START 0.1297709923664122 0.265625 -0.162841796875 25 -4.877862595419847 6.427480916030534 END
START 1.282442748091603 0.22412109375 -0.12158203125 26 -4.022900763358779 5.3816793893129775 END
START 5.564885496183206 0.229736328125 -0.1455078125 27 -3.427480916030534 3.068702290076336 END
START 6.33587786259542 0.267822265625 -0.15625 28 0.12213740458015267 2.6793893129770994 END
START 6.709923664122138 0.274658203125 -0.10791015625 29 0.05343511450381679 2.1755725190839694 END
START 8.068702290076336 0.30029296875 -0.168701171875 30 0.8091603053435115 2.381679389312977 END
START 7.656488549618321 0.3251953125 -0.138671875 31 3.900763358778626 3.282442748091603 END
START 6.038167938931298 0.279296875 -0.048095703125 32 1.549618320610687 4.580152671755725 END
START 6.1603053435114505 0.252685546875 -0.101806640625 33 2.236641221374046 4.534351145038168 END
START 6.282442748091603 0.218994140625 -0.1015625 34 4.809160305343512 3.8625954198473282 END
START 5.091603053435114 0.17236328125 -0.0390625 35 5.580152671755725 3.33587786259542 END
START 3.3435114503816794 0.157958984375 -0.003173828125 36 4.0458015267175576 3.6946564885496183 END
START 3.2290076335877864 0.2060546875 -0.037353515625 37 3.9389312977099236 3.595419847328244 END
START 2.8091603053435112 0.24072265625 -0.029541015625 38 2.7557251908396947 4.770992366412214 END
START 2.5877862595419847 0.224365234375 -0.0390625 39 1.534351145038168 4.717557251908397 END
START 2.1526717557251906 0.185791015625 -0.04443359375 40 1.5801526717557253 3.099236641221374 END
START 2.312977099236641 0.162353515625 -0.073974609375 41 1.3435114503816794 3.854961832061069 END
START 3.0763358778625953 0.16650390625 -0.10302734375 42 2.427480916030534 -0.6106870229007634 END
START 2.4885496183206106 0.177978515625 -0.084228515625 43 2.8625954198473282 -0.5648854961832062 END
START 1.3053435114503817 0.161376953125 -0.02880859375 44 2.931297709923664 -0.6030534351145038 END
START 0.15267175572519084 0.1572265625 -0.00537109375 45 1.534351145038168 0.12213740458015267 END
START 0.2595419847328244 0.18310546875 -0.048095703125 46 1.3282442748091603 0.4961832061068702 END
START 0.5267175572519084 0.20263671875 -0.05908203125 47 1.099236641221374 1.0763358778625953 END
START 0.44274809160305345 0.177978515625 -0.056396484375 48 1.9389312977099236 0.6870229007633588 END
START 0.4351145038167939 0.18896484375 -0.057373046875 49 1.3282442748091603 1.0458015267175573 END
START 0.4580152671755725 0.2001953125 -0.057861328125 50 1.5725190839694656 0.7786259541984732 END
START -0.09923664122137404 0.19287109375 -0.05908203125 51 1.4198473282442747 0.21374045801526717 END
START -0.5038167938931297 0.161376953125 -0.029541015625 52 0.8549618320610687 -0.11450381679389313 END
START -0.6641221374045801 0.177734375 -0.03857421875 53 0.1297709923664122 -0.48854961832061067 END
START -0.7633587786259542 0.173583984375 -0.0498046875 54 -0.22900763358778625 -0.6259541984732825 END
START -0.5801526717557252 0.200927734375 -0.051025390625 55 -0.32061068702290074 -0.8549618320610687 END
START -0.7786259541984732 0.218505859375 -0.052001953125 56 -0.7480916030534351 -0.20610687022900764 END
START -0.22900763358778625 0.223388671875 -0.068603515625 57 -1.1984732824427482 -0.22137404580152673 END
START 0.46564885496183206 0.231689453125 -0.075439453125 58 -1.7099236641221374 0.2366412213740458 END
START 0.816793893129771 0.20361328125 -0.0712890625 59 -1.5801526717557253 -0.3969465648854962 END
START 0.7404580152671756 0.1806640625 -0.06396484375 60 -0.5725190839694656 -0.16030534351145037 END
START -0.05343511450381679 0.1611328125 -0.033447265625 61 -0.46564885496183206 -0.366412213740458 END
START 0.2900763358778626 0.178955078125 -0.0830078125 62 0.7786259541984732 -0.9312977099236641 END
START 0.09923664122137404 0.193359375 -0.05615234375 63 0.3282442748091603 -0.7557251908396947 END
START 0.06870229007633588 0.213623046875 -0.06689453125 64 0.8931297709923665 -0.732824427480916 END
START -0.16793893129770993 0.2294921875 -0.047607421875 65 0.11450381679389313 0.5114503816793893 END
START -0.06870229007633588 0.230224609375 -0.06103515625 66 0.06870229007633588 1.1450381679389312 END
START 0.2824427480916031 0.224853515625 -0.070556640625 67 -0.2366412213740458 1.183206106870229 END
START 0.0916030534351145 0.191650390625 -0.060791015625 68 -0.42748091603053434 0.7786259541984732 END
START 0.16030534351145037 0.1796875 -0.0517578125 69 -0.6335877862595419 -0.10687022900763359 END
START -0.03816793893129771 0.174072265625 -0.0498046875 70 -0.48091603053435117 -0.7786259541984732 END
START -0.3282442748091603 0.18115234375 -0.04150390625 71 -0.3282442748091603 -1.1221374045801527 END
START -0.03816793893129771 0.20458984375 -0.07373046875 72 -0.4351145038167939 -0.8091603053435115 END
START 0.08396946564885496 0.203857421875 -0.07080078125 73 -0.48854961832061067 -0.7633587786259542 END
START -0.1984732824427481 0.220947265625 -0.057373046875 74 -0.5038167938931297 0.366412213740458 END
START -0.11450381679389313 0.220947265625 -0.053955078125 75 -0.549618320610687 1.4732824427480915 END
START 0.33587786259541985 0.224365234375 -0.077392578125 76 -0.15267175572519084 1.0687022900763359 END
START 0.2366412213740458 0.1904296875 -0.05126953125 77 -0.4580152671755725 0.40458015267175573 END
START 1.9389312977099236 0.162109375 -0.04150390625 78 0.21374045801526717 1.9389312977099236 END
START 0.31297709923664124 0.165771484375 -0.056884765625 79 -1.9389312977099236 -0.9083969465648855 END
START 0.09923664122137404 0.185302734375 -0.044921875 80 -0.24427480916030533 -1.2061068702290076 END
START 0.19083969465648856 0.2041015625 -0.067626953125 81 0.0 -0.9847328244274809 END
START 0.08396946564885496 0.221435546875 -0.06396484375 82 -0.3893129770992366 -0.183206106870229 END
START 0.16030534351145037 0.22998046875 -0.067626953125 83 -0.45038167938931295 0.13740458015267176 END
START 0.42748091603053434 0.230712890625 -0.0654296875 84 -0.37404580152671757 0.5648854961832062 END
START 0.2366412213740458 0.209716796875 -0.05615234375 85 -0.5954198473282443 0.6793893129770993 END
START 0.06870229007633588 0.19580078125 -0.05712890625 86 -0.7175572519083969 0.2824427480916031 END
START -0.13740458015267176 0.187255859375 -0.0556640625 87 -0.9007633587786259 -0.08396946564885496 END
START -0.08396946564885496 0.183349609375 -0.06689453125 88 0.030534351145038167 -0.3969465648854962 END
START -0.2900763358778626 0.177978515625 -0.048828125 89 -0.3511450381679389 -0.7175572519083969 END
START -0.05343511450381679 0.201416015625 -0.063720703125 90 -0.1984732824427481 -1.083969465648855 END
START -0.022900763358778626 0.19189453125 -0.067626953125 91 -0.7709923664122137 -0.9236641221374046 END
START -0.07633587786259542 0.20654296875 -0.071533203125 92 0.015267175572519083 -0.3816793893129771 END
START -0.20610687022900764 0.222412109375 -0.061767578125 93 -0.32061068702290074 0.916030534351145 END