START 6.541984732824427 0.227294921875 -0.090087890625 2 4.137404580152672 -3.5114503816793894 END
START 6.358778625954199 0.203125 -0.05126953125 3 4.221374045801527 -3.0916030534351147 END
START 6.442748091603053 0.18994140625 -0.03955078125 4 4.587786259541985 -3.50381679389313 END
START 6.793893129770993 0.204345703125 -0.068359375 5 6.473282442748092 -4.465648854961832 END
START 6.687022900763359 0.19287109375 -0.04248046875 6 6.763358778625954 -3.931297709923664 END
START 6.229007633587786 0.180419921875 -0.001708984375 7 6.190839694656488 -3.8702290076335877 END
START 5.977099236641221 0.17041015625 0.012451171875 8 6.66412213740458 -4.854961832061068 END
START 5.5038167938931295 0.14501953125 0.032470703125 9 7.038167938931298 -5.534351145038168 END
START 4.587786259541985 0.12841796875 0.06103515625 10 6.702290076335878 -5.580152671755725 END
START 3.8091603053435112 0.124755859375 0.07373046875 11 5.847328244274809 -6.412213740458015 END
START 3.1297709923664123 0.090087890625 0.081298828125 12 7.748091603053435 -7.977099236641221 END
START 2.3053435114503817 0.076416015625 0.10205078125 13 5.8396946564885495 -10.274809160305344 END
START 1.0458015267175573 0.057373046875 0.13134765625 14 5.282442748091603 -11.17557251908397 END
START -0.29770992366412213 0.03955078125 0.158203125 15 4.442748091603053 -12.625954198473282 END
START -1.7557251908396947 0.034423828125 0.181640625 16 4.145038167938932 -14.396946564885496 END
START -2.6946564885496183 0.080322265625 0.165283203125 17 2.984732824427481 -15.641221374045802 END
START -2.931297709923664 0.116943359375 0.137939453125 18 3.427480916030534 -16.72519083969466 END
START -4.6106870229007635 0.152587890625 0.215087890625 19 2.427480916030534 -17.450381679389313 END
START -5.694656488549619 0.195068359375 0.22705078125 20 0.5343511450381679 -17.6793893129771 END
START -6.473282442748092 0.290771484375 0.192626953125 21 0.2824427480916031 -14.732824427480915 END
START -7.938931297709924 0.328125 0.2060546875 22 -3.7404580152671754 -10.770992366412214 END
START -9.114503816793894 0.36767578125 0.223876953125 23 -6.694656488549619 -10.961832061068701 END
START -8.51908396946565 0.450927734375 0.098388671875 24 -6.870229007633588 -8.15267175572519 END
START -11.206106870229007 0.473876953125 0.14794921875 25 -4.290076335877862 -2.3053435114503817 END
START -12.51908396946565 0.45166015625 0.199951171875 26 -17.00763358778626 1.1450381679389312 END
START -12.206106870229007 0.434814453125 0.10400390625 27 -16.740458015267176 3.4885496183206106 END
START -12.48091603053435 0.341796875 0.146728515625 28 -18.50381679389313 -0.5648854961832062 END
START -12.587786259541986 0.316650390625 0.107666015625 29 -18.938931297709924 0.35877862595419846 END
START -13.641221374045802 0.27734375 0.05810546875 30 -20.50381679389313 4.374045801526718 END
START -12.709923664122137 0.22900390625 0.080810546875 31 -18.572519083969464 3.8396946564885495 END
START -14.183206106870228 0.168701171875 0.18359375 32 -19.770992366412212 1.9389312977099236 END
START -13.84732824427481 0.1640625 0.025634765625 33 -19.35114503816794 3.595419847328244 END
START -14.099236641221374 0.1748046875 0.00439453125 34 -18.435114503816795 2.9923664122137406 END
START -13.748091603053435 0.174072265625 -0.014892578125 35 -17.549618320610687 0.5267175572519084 END
START -12.86259541984733 0.198486328125 -0.089599609375 36 -14.908396946564885 1.3358778625954197 END
START -11.595419847328245 0.21728515625 -0.130615234375 37 -17.458015267175572 0.9007633587786259 END
START -11.419847328244275 0.22802734375 -0.113037109375 38 -11.793893129770993 0.16793893129770993 END
START -8.687022900763358 0.28076171875 -0.222412109375 39 -14.022900763358779 -1.4122137404580153 END
START -6.9465648854961835 0.34814453125 -0.291015625 40 -9.198473282442748 -1.1603053435114503 END
START -5.473282442748092 0.3984375 -0.28466796875 41 -9.526717557251908 -0.4732824427480916 END
START -4.114503816793893 0.4482421875 -0.298583984375 42 -8.259541984732824 1.4580152671755726 END
START -2.5572519083969465 0.438232421875 -0.302490234375 43 -7.99236641221374 2.114503816793893 END
START -1.2366412213740459 0.45849609375 -0.302001953125 44 -6.3816793893129775 3.312977099236641 END
START -0.33587786259541985 0.450927734375 -0.280029296875 45 -5.763358778625954 4.458015267175573 END
START 0.6412213740458015 0.434326171875 -0.272705078125 46 -4.8396946564885495 6.030534351145038 END
START 1.4122137404580153 0.41748046875 -0.259765625 47 -3.3740458015267176 7.763358778625954 END
START 1.8473282442748091 0.396484375 -0.2353515625 48 -2.3969465648854964 9.725190839694656 END
START 2.885496183206107 0.37451171875 -0.226318359375 49 -3.7251908396946565 10.076335877862595 END
START 3.7251908396946565 0.35009765625 -0.21728515625 50 -0.3282442748091603 10.374045801526718 END
START 4.6106870229007635 0.319091796875 -0.197509765625 51 -0.5267175572519084 10.389312977099237 END
START 6.129770992366412 0.28955078125 -0.22119140625 52 1.5877862595419847 9.816793893129772 END
START 5.5038167938931295 0.230712890625 -0.13427734375 53 2.7022900763358777 7.267175572519084 END
START 3.969465648854962 0.217529296875 -0.135498046875 54 4.083969465648855 6.175572519083969 END
START 6.1679389312977095 0.208740234375 -0.159423828125 55 5.244274809160306 4.786259541984733 END
START 7.152671755725191 0.227294921875 -0.16650390625 56 6.33587786259542 3.7480916030534353 END
START 7.801526717557252 0.238037109375 -0.16015625 57 8.816793893129772 3.7786259541984735 END
START 8.007633587786259 0.261962890625 -0.113037109375 58 9.900763358778626 4.32824427480916 END
START 8.030534351145038 0.279052734375 -0.1083984375 59 9.900763358778626 5.572519083969466 END
START 7.442748091603053 0.287841796875 -0.02490234375 60 9.526717557251908 5.1603053435114505 END
START 8.282442748091603 0.304931640625 -0.05712890625 61 10.312977099236642 6.687022900763359 END
START 6.7251908396946565 0.292236328125 0.037841796875 62 9.458015267175572 8.412213740458014 END
START 6.404580152671755 0.234375 0.05126953125 63 6.297709923664122 8.251908396946565 END
START 6.038167938931298 0.227783203125 0.049560546875 64 4.1603053435114505 8.687022900763358 END
START 3.0 0.1376953125 0.132080078125 65 1.6641221374045803 7.534351145038168 END
START 2.549618320610687 0.08251953125 0.08935546875 66 1.1221374045801527 2.6259541984732824 END
START 2.427480916030534 0.107177734375 0.028076171875 67 1.4961832061068703 1.3893129770992367 END
START 3.480916030534351 0.149658203125 0.01123046875 68 0.9770992366412213 0.2824427480916031 END
START 3.0610687022900764 0.18359375 -0.001708984375 69 2.633587786259542 -1.900763358778626 END
START 3.83206106870229 0.22705078125 -0.043701171875 70 3.0916030534351147 1.7328244274809161 END
START 4.236641221374046 0.258544921875 -0.071044921875 71 2.9923664122137406 2.2519083969465647 END
START 4.595419847328245 0.25341796875 -0.07666015625 72 2.0229007633587788 2.9083969465648853 END
START 2.595419847328244 0.2197265625 -0.025146484375 73 2.954198473282443 4.6106870229007635 END
START 1.0381679389312977 0.14013671875 0.041259765625 74 1.0 3.351145038167939 END
START 0.7862595419847328 0.1396484375 -0.016357421875 75 -1.9083969465648856 0.8015267175572519 END
START 0.5572519083969466 0.112060546875 -0.0625 76 0.46564885496183206 -1.0534351145038168 END
START 0.04580152671755725 0.104736328125 -0.0283203125 77 1.0 -2.4122137404580153 END
START 0.5038167938931297 0.13525390625 -0.0478515625 78 2.1068702290076335 -3.2977099236641223 END
START 0.6412213740458015 0.189453125 -0.04736328125 79 2.3435114503816794 -2.2213740458015265 END
START 1.6946564885496183 0.275634765625 -0.078369140625 80 2.282442748091603 -0.366412213740458 END
START 3.0076335877862594 0.2978515625 -0.089111328125 81 1.9465648854961832 1.16793893129771 END
START 3.6564885496183206 0.2705078125 -0.077880859375 82 2.2290076335877864 1.7709923664122138 END
START 2.3740458015267176 0.1923828125 0.00634765625 83 1.534351145038168 0.7175572519083969 END
START 0.5038167938931297 0.11767578125 0.06982421875 84 0.5572519083969466 0.2748091603053435 END
START -0.5572519083969466 0.08837890625 0.068359375 85 -0.40458015267175573 -1.1297709923664123 END
START -1.4274809160305344 0.1240234375 0.0283203125 86 -0.6717557251908397 -0.015267175572519083 END
START -1.534351145038168 0.135009765625 0.001953125 87 -0.8473282442748091 -2.549618320610687 END
START -1.015267175572519 0.1650390625 -0.01513671875 88 0.2366412213740458 -3.7709923664122136 END
START -0.13740458015267176 0.24609375 -0.049560546875 89 -0.1297709923664122 -0.2900763358778626 END
START 0.6335877862595419 0.254150390625 -0.06689453125 90 0.09923664122137404 0.5801526717557252 END
START 0.8702290076335878 0.252685546875 -0.05908203125 91 0.08396946564885496 1.1221374045801527 END
START 0.31297709923664124 0.206298828125 -0.02685546875 92 -0.4351145038167939 1.1221374045801527 END
START 0.33587786259541985 0.158447265625 -0.025390625 93 -0.3282442748091603 -0.09923664122137404 END
START -0.10687022900763359 0.146728515625 -0.014892578125 94 -0.3435114503816794 -0.37404580152671757 END
START -0.31297709923664124 0.153076171875 -0.002197265625 95 -0.007633587786259542 -1.1145038167938932 END
START -0.6793893129770993 0.163330078125 -0.0078125 96 -0.21374045801526717 -1.0458015267175573 END
START -0.8015267175572519 0.190673828125 -0.016845703125 97 -0.16793893129770993 -0.8854961832061069 END
START -0.1450381679389313 0.219482421875 -0.03515625 98 -0.04580152671755725 -0.022900763358778626 END
START 0.366412213740458 0.25732421875 -0.0517578125 99 -0.04580152671755725 1.2595419847328244 END
START 0.5725190839694656 0.2373046875 -0.015869140625 100 -0.19083969465648856 1.2595419847328244 END
START 0.37404580152671757 0.194091796875 -0.014404296875 101 -0.37404580152671757 0.9236641221374046 END
START 0.13740458015267176 0.173095703125 -0.01220703125 102 -0.35877862595419846 0.0916030534351145 END
START 0.05343511450381679 0.162841796875 -0.002685546875 103 -0.12213740458015267 -0.366412213740458 END
START -0.12213740458015267 0.16552734375 -0.01708984375 104 -0.015267175572519083 -0.6106870229007634 END
START -0.21374045801526717 0.177001953125 -0.020263671875 105 0.22900763358778625 -0.8625954198473282 END
START -0.10687022900763359 0.193115234375 -0.026611328125 106 -0.007633587786259542 -1.9083969465648856 END
START 0.09923664122137404 0.22802734375 -0.036376953125 107 0.03816793893129771 0.8473282442748091 END
START 0.3282442748091603 0.22412109375 -0.041259765625 108 -0.06870229007633588 0.9694656488549618 END
START 0.2366412213740458 0.21142578125 -0.03076171875 109 -0.22900763358778625 1.0 END
START 0.3969465648854962 0.18212890625 -0.025634765625 110 -0.26717557251908397 -0.183206106870229 END
START -0.22137404580152673 0.18359375 -0.009765625 111 0.10687022900763359 0.5267175572519084 END
START 0.183206106870229 0.173095703125 -0.027587890625 112 0.19083969465648856 -0.22900763358778625 END
START 0.1450381679389313 0.201171875 -0.028564453125 113 0.15267175572519084 0.15267175572519084 END
START 0.1984732824427481 0.187744140625 -0.025390625 114 0.3282442748091603 -0.2900763358778626 END
START 0.1297709923664122 0.19677734375 -0.029541015625 115 0.46564885496183206 0.17557251908396945 END
START 0.030534351145038167 0.2021484375 -0.029052734375 116 0.549618320610687 0.17557251908396945 END
START 0.11450381679389313 0.21240234375 -0.028076171875 117 0.07633587786259542 1.0 END
START 0.33587786259541985 0.2041015625 -0.0224609375 118 0.16793893129770993 0.5648854961832062 END
START 0.3053435114503817 0.1962890625 -0.001953125 119 -0.40458015267175573 0.6259541984732825 END
START 0.2366412213740458 0.18603515625 -0.026123046875 120 0.20610687022900764 0.4961832061068702 END
START -1.9389312977099236 0.16455078125 -0.008544921875 121 -0.366412213740458 1.916030534351145 END
START 0.05343511450381679 0.177001953125 -0.033203125 122 0.3816793893129771 -0.2900763358778626 END