START 1.9694656488549618 0.177490234375 -0.030029296875 2 0.5114503816793893 -5.549618320610687 END
START 2.2519083969465647 0.1904296875 -0.040771484375 3 1.9083969465648856 -6.343511450381679 END
START 3.900763358778626 0.168212890625 -0.01806640625 4 2.1755725190839694 -8.290076335877863 END
START 0.030534351145038167 0.18505859375 -0.016845703125 5 2.4122137404580153 -8.931297709923664 END
START 2.4427480916030535 0.19775390625 -0.049560546875 6 2.8091603053435112 -10.068702290076336 END
START 2.6030534351145036 0.205322265625 -0.019775390625 7 4.083969465648855 -10.801526717557252 END
START 2.435114503816794 0.1884765625 0.028564453125 8 3.6030534351145036 -11.84732824427481 END
START 1.5725190839694656 0.213134765625 0.07958984375 9 3.351145038167939 -12.229007633587786 END
START 0.0916030534351145 0.217041015625 0.166259765625 10 1.9541984732824427 -10.396946564885496 END
START -3.0763358778625953 0.21240234375 0.27587890625 11 -0.22137404580152673 -7.374045801526718 END
START -4.7251908396946565 0.239501953125 0.236328125 12 -3.2900763358778624 -3.33587786259542 END
START -5.748091603053435 0.27490234375 0.155029296875 13 -3.7480916030534353 -0.4351145038167939 END
START -7.473282442748092 0.2734375 0.173828125 14 -7.480916030534351 0.5419847328244275 END
START -5.961832061068702 0.305908203125 0.0283203125 15 -8.183206106870228 1.282442748091603 END
START -4.6106870229007635 0.3193359375 -0.007080078125 16 -7.305343511450381 1.16793893129771 END
START -3.3053435114503817 0.29296875 -0.01904296875 17 -9.297709923664122 1.7709923664122138 END
START -3.8091603053435112 0.247314453125 0.040283203125 18 -8.648854961832061 1.0305343511450382 END
START -4.206106870229007 0.178955078125 0.067138671875 19 -10.389312977099237 1.7633587786259541 END
START -5.2748091603053435 0.1201171875 0.083740234375 20 -8.488549618320612 -1.3587786259541985 END
START -6.396946564885496 0.08447265625 0.102783203125 21 -8.65648854961832 -0.9847328244274809 END
START -6.145038167938932 0.06640625 0.132080078125 22 -8.564885496183207 -0.6259541984732825 END
START -9.625954198473282 0.058837890625 0.154541015625 23 -9.251908396946565 -1.0687022900763359 END
START -10.244274809160306 0.07275390625 0.123779296875 24 -9.236641221374045 -2.0916030534351147 END
START -11.076335877862595 0.092041015625 0.09423828125 25 -8.465648854961833 -2.5419847328244276 END
START -12.748091603053435 0.1220703125 0.1318359375 26 -10.19083969465649 -1.9541984732824427 END
START -12.977099236641221 0.214599609375 0.06298828125 27 -9.969465648854962 -1.450381679389313 END
START -11.335877862595419 0.30615234375 -0.105224609375 28 -13.664122137404581 -1.2442748091603053 END
START -9.450381679389313 0.398193359375 -0.158203125 29 -11.099236641221374 -0.6946564885496184 END
START -9.541984732824428 0.472900390625 -0.167236328125 30 -10.702290076335878 0.10687022900763359 END
START -7.656488549618321 0.45166015625 -0.181396484375 31 -13.603053435114504 4.679389312977099 END
START -4.488549618320611 0.428466796875 -0.1611328125 32 -11.236641221374045 3.9160305343511452 END
START -3.633587786259542 0.398193359375 -0.14404296875 33 -11.48091603053435 6.404580152671755 END
START -2.3282442748091605 0.4052734375 -0.186279296875 34 -10.251908396946565 7.770992366412214 END
START -0.8702290076335878 0.392578125 -0.236572265625 35 -9.893129770992367 8.854961832061068 END
START 0.4961832061068702 0.412841796875 -0.26513671875 36 -8.183206106870228 10.038167938931299 END
START 1.6717557251908397 0.395751953125 -0.262939453125 37 -7.709923664122138 11.01526717557252 END
START 2.618320610687023 0.36767578125 -0.26513671875 38 -6.641221374045801 12.358778625954198 END
START 3.564885496183206 0.34765625 -0.23876953125 39 -6.061068702290076 13.122137404580153 END
START 4.114503816793893 0.315185546875 -0.231201171875 40 -4.129770992366412 14.564885496183207 END
START 5.0534351145038165 0.278564453125 -0.241455078125 41 -4.022900763358779 15.030534351145038 END
START 6.763358778625954 0.25 -0.236572265625 42 -3.480916030534351 15.618320610687023 END
START 8.32824427480916 0.239501953125 -0.288330078125 43 -1.748091603053435 12.793893129770993 END
START 8.610687022900763 0.250244140625 -0.232177734375 44 0.8473282442748091 13.916030534351146 END
START 4.969465648854962 0.1923828125 -0.080078125 45 0.5877862595419847 12.679389312977099 END
START 2.9389312977099236 0.09765625 -0.041259765625 46 -1.2061068702290076 7.145038167938932 END
START 2.763358778625954 0.0869140625 -0.177490234375 47 3.3740458015267176 4.786259541984733 END
START 0.816793893129771 0.099609375 -0.15380859375 48 4.648854961832061 3.3206106870229006 END
START 1.297709923664122 0.130126953125 -0.189208984375 49 4.885496183206107 3.236641221374046 END
START 2.5801526717557253 0.197265625 -0.27197265625 50 8.244274809160306 2.633587786259542 END
START 3.450381679389313 0.227783203125 -0.239990234375 51 9.603053435114504 1.7786259541984732 END
START 4.083969465648855 0.246826171875 -0.195068359375 52 10.580152671755725 1.1221374045801527 END
START 5.122137404580153 0.259033203125 -0.1650390625 53 10.931297709923664 0.9007633587786259 END
START 6.061068702290076 0.271728515625 -0.15673828125 54 11.572519083969466 1.2061068702290076 END
START 7.190839694656488 0.277587890625 -0.1298828125 55 12.351145038167939 1.748091603053435 END
START 7.076335877862595 0.261962890625 -0.0810546875 56 12.801526717557252 1.7099236641221374 END
START 7.442748091603053 0.26220703125 -0.04150390625 57 12.435114503816793 1.748091603053435 END
START 8.297709923664122 0.2607421875 -0.0341796875 58 13.145038167938932 2.7709923664122136 END
START 8.67175572519084 0.238037109375 0.011962890625 59 12.86259541984733 2.946564885496183 END
START 7.870229007633588 0.168212890625 0.123779296875 60 12.595419847328245 1.2290076335877862 END
START 6.0458015267175576 0.084228515625 0.227294921875 61 12.83969465648855 1.0076335877862594 END
START 3.6030534351145036 0.01171875 0.313232421875 62 9.206106870229007 1.3435114503816794 END
START 1.0076335877862594 0.01171875 0.357666015625 63 6.152671755725191 2.2748091603053435 END
START 0.007633587786259542 0.04736328125 0.27490234375 64 3.2213740458015265 1.6641221374045803 END
START -0.022900763358778626 0.08544921875 0.181396484375 65 3.877862595419847 1.16793893129771 END
START 0.2824427480916031 0.104248046875 0.1396484375 66 0.04580152671755725 0.25190839694656486 END
START 1.0610687022900764 0.112548828125 0.097412109375 67 -0.8320610687022901 -0.7557251908396947 END
START 1.3587786259541985 0.104736328125 0.098876953125 68 -1.1908396946564885 -1.6106870229007633 END
START 0.5648854961832062 0.09521484375 0.117919921875 69 -2.2290076335877864 -2.2595419847328246 END
START 0.09923664122137404 0.10888671875 0.08837890625 70 -2.83206106870229 -2.435114503816794 END
START 0.3969465648854962 0.15869140625 0.008056640625 71 -2.6717557251908395 -1.7709923664122138 END
START 0.7709923664122137 0.187744140625 -0.037109375 72 -3.0763358778625953 -2.435114503816794 END
START 0.46564885496183206 0.187744140625 -0.049072265625 73 -2.2977099236641223 -1.4885496183206106 END
START 0.4351145038167939 0.195556640625 -0.072265625 74 -2.0 -0.8549618320610687 END
START 0.1984732824427481 0.188720703125 -0.080810546875 75 -1.251908396946565 -0.21374045801526717 END
START -0.12213740458015267 0.185791015625 -0.0791015625 76 -0.7709923664122137 0.2900763358778626 END
START -0.37404580152671757 0.164306640625 -0.083251953125 77 -0.7938931297709924 1.9236641221374047 END
START -0.3282442748091603 0.16845703125 -0.115966796875 78 -0.11450381679389313 -0.3969465648854962 END
START -0.4351145038167939 0.162109375 -0.082763671875 79 -1.9083969465648856 -0.7099236641221374 END
START -0.44274809160305345 0.1611328125 -0.082275390625 80 0.20610687022900764 -0.8244274809160306 END
START -0.48091603053435117 0.162109375 -0.07666015625 81 0.5038167938931297 -1.1145038167938932 END
START -1.8854961832061068 0.194091796875 -0.072265625 82 1.2900763358778626 -0.6183206106870229 END
START 0.31297709923664124 0.232666015625 -0.043701171875 83 1.6946564885496183 0.4961832061068702 END
START 0.5267175572519084 0.21875 -0.03466796875 84 1.5801526717557253 1.3282442748091603 END
START 0.8015267175572519 0.205810546875 -0.02099609375 85 1.1603053435114503 1.5648854961832062 END
START 0.4580152671755725 0.17822265625 0.006103515625 86 0.6641221374045801 1.1297709923664123 END
START 0.33587786259541985 0.145751953125 0.01708984375 87 -1.9312977099236641 -0.12213740458015267 END
START 0.007633587786259542 0.126220703125 0.01513671875 88 -0.2900763358778626 -0.44274809160305345 END
START -0.08396946564885496 0.152099609375 -0.010986328125 89 -0.25190839694656486 -1.0 END
START -0.07633587786259542 0.170166015625 -0.0185546875 90 -0.48854961832061067 -1.366412213740458 END
START -0.5267175572519084 0.1806640625 -0.0087890625 91 -0.8931297709923665 -0.5114503816793893 END
START 0.0916030534351145 0.21484375 -0.034912109375 92 -0.8015267175572519 -1.9465648854961832 END
START 0.3053435114503817 0.224365234375 -0.056640625 93 -0.8702290076335878 0.8854961832061069 END
START 0.6717557251908397 0.206298828125 -0.0595703125 94 -0.45038167938931295 0.8015267175572519 END
START 0.3053435114503817 0.18212890625 -0.03271484375 95 -0.8015267175572519 0.732824427480916 END
START 0.44274809160305345 0.15966796875 -0.05859375 96 -0.2824427480916031 -0.3435114503816794 END
START 0.21374045801526717 0.159423828125 -0.050537109375 97 0.1984732824427481 -0.45038167938931295 END
START 0.007633587786259542 0.158447265625 -0.03955078125 98 0.4351145038167939 -0.9618320610687023 END
START -0.13740458015267176 0.16162109375 -0.018310546875 99 0.2824427480916031 -0.5572519083969466 END
START 0.13740458015267176 0.173095703125 -0.041748046875 100 0.3816793893129771 -0.7022900763358778 END
START 1.900763358778626 0.189453125 -0.03662109375 101 0.3511450381679389 0.2748091603053435 END
START 0.26717557251908397 0.207763671875 -0.038818359375 102 -0.1450381679389313 0.7022900763358778 END
START 0.42748091603053434 0.20654296875 -0.06005859375 103 0.29770992366412213 1.0687022900763359 END
START 0.3511450381679389 0.19970703125 -0.01904296875 104 -0.3893129770992366 0.7480916030534351 END
START 0.24427480916030533 0.160400390625 -0.0234375 105 -0.05343511450381679 0.24427480916030533 END
START 0.15267175572519084 0.164306640625 -0.02099609375 106 -1.9465648854961832 0.007633587786259542 END
START 0.09923664122137404 0.161376953125 -0.0234375 107 -0.022900763358778626 -0.3816793893129771 END
START 0.22137404580152673 0.16943359375 -0.0390625 108 0.3053435114503817 -0.7404580152671756 END
START 0.13740458015267176 0.1796875 -0.03564453125 109 0.4732824427480916 -0.9083969465648855 END
START -0.022900763358778626 0.188720703125 -0.028076171875 110 -0.10687022900763359 -0.022900763358778626 END
START 0.24427480916030533 0.209716796875 -0.062255859375 111 -0.31297709923664124 0.366412213740458 END
START 0.5725190839694656 0.212890625 -0.06201171875 112 -0.40458015267175573 1.0458015267175573 END
START 0.31297709923664124 0.196044921875 -0.038330078125 113 -0.20610687022900764 1.4961832061068703 END
START 0.3893129770992366 0.162841796875 -0.03515625 114 -0.1984732824427481 0.6946564885496184 END
START 0.04580152671755725 0.158935546875 -0.024658203125 115 -0.183206106870229 1.9083969465648856 END
START 1.9312977099236641 0.1474609375 -0.03955078125 116 0.2824427480916031 -0.9389312977099237 END
START -0.1984732824427481 0.1630859375 -0.027587890625 117 0.3282442748091603 -1.2061068702290076 END
START -0.13740458015267176 0.181396484375 -0.046630859375 118 0.5572519083969466 -1.213740458015267 END
START -0.007633587786259542 0.219970703125 -0.037353515625 119 0.2595419847328244 -1.9236641221374047 END
START 0.2748091603053435 0.226806640625 -0.035400390625 120 -0.15267175572519084 0.8702290076335878 END
START 0.6183206106870229 0.219482421875 -0.0380859375 121 -0.4198473282442748 1.2900763358778626 END