START 7.702290076335878 0.21875 -0.105712890625 2 2.4656488549618323 -3.33587786259542 END
START 8.259541984732824 0.20458984375 -0.1123046875 3 3.381679389312977 -3.3893129770992365 END
START 8.725190839694656 0.213623046875 -0.123046875 4 6.0 -4.854961832061068 END
START 9.076335877862595 0.17724609375 -0.08349609375 5 6.656488549618321 -5.961832061068702 END
START 8.916030534351146 0.152587890625 -0.050537109375 6 7.679389312977099 -5.145038167938932 END
START 8.648854961832061 0.11962890625 -0.031982421875 7 7.32824427480916 -5.694656488549619 END
START 8.374045801526718 0.095947265625 -0.00830078125 8 8.725190839694656 -5.885496183206107 END
START 7.564885496183206 0.06591796875 0.02490234375 9 9.488549618320612 -10.267175572519085 END
START 6.938931297709924 0.0439453125 0.04443359375 10 10.145038167938932 -11.923664122137405 END
START 5.763358778625954 0.038330078125 0.086669921875 11 11.045801526717558 -12.98473282442748 END
START 5.213740458015267 0.04345703125 0.096435546875 12 11.19083969465649 -15.16030534351145 END
START 4.244274809160306 0.04833984375 0.106201171875 13 13.351145038167939 -17.076335877862597 END
START 2.3893129770992365 0.09814453125 0.15771484375 14 12.908396946564885 -16.61832061068702 END
START 1.8778625954198473 0.099609375 0.27099609375 15 11.106870229007633 -17.14503816793893 END
START -1.2748091603053435 0.142333984375 0.255126953125 16 11.145038167938932 -16.49618320610687 END
START -3.099236641221374 0.211181640625 0.2607421875 17 8.442748091603054 -14.038167938931299 END
START -4.427480916030534 0.279052734375 0.260009765625 18 4.541984732824427 -12.34351145038168 END
START -3.183206106870229 0.3330078125 0.127685546875 19 2.763358778625954 -12.030534351145038 END
START -2.351145038167939 0.406982421875 0.10400390625 20 3.053435114503817 -12.473282442748092 END
START -3.0916030534351147 0.4375 0.15966796875 21 1.16793893129771 -7.984732824427481 END
START -4.893129770992366 0.41748046875 0.22802734375 22 -2.801526717557252 -2.3587786259541983 END
START -8.106870229007633 0.33935546875 0.294677734375 23 -4.137404580152672 0.15267175572519084 END
START -9.610687022900763 0.33935546875 0.32275390625 24 -10.007633587786259 1.1297709923664123 END
START -9.396946564885496 0.317626953125 0.147705078125 25 -13.48091603053435 2.786259541984733 END
START -9.748091603053435 0.2724609375 0.13818359375 26 -11.954198473282442 3.8473282442748094 END
START -8.15267175572519 0.273681640625 0.041015625 27 -14.65648854961832 1.6946564885496183 END
START -9.221374045801527 0.20556640625 0.121826171875 28 -12.80916030534351 0.5572519083969466 END
START -11.0 0.1201171875 0.21630859375 29 -15.427480916030534 -1.083969465648855 END
START -12.374045801526718 0.101806640625 0.19189453125 30 -15.221374045801527 -0.8625954198473282 END
START -11.900763358778626 0.10888671875 0.195556640625 31 -16.137404580152673 -0.5343511450381679 END
START -15.083969465648854 0.11181640625 0.1884765625 32 -16.641221374045802 0.11450381679389313 END
START -16.14503816793893 0.141357421875 0.182861328125 33 -18.328244274809162 0.9618320610687023 END
START -16.755725190839694 0.192626953125 0.159423828125 34 -19.923664122137403 2.351145038167939 END
START -16.206106870229007 0.250732421875 0.0478515625 35 -21.65648854961832 3.267175572519084 END
START -14.86259541984733 0.3173828125 -0.021728515625 36 -21.290076335877863 4.038167938931298 END
START -14.122137404580153 0.330322265625 -0.0546875 37 -21.641221374045802 5.1679389312977095 END
START -13.038167938931299 0.36572265625 -0.111328125 38 -20.015267175572518 7.083969465648855 END
START -10.053435114503817 0.35546875 -0.23095703125 39 -19.557251908396946 5.961832061068702 END
START -8.282442748091603 0.3515625 -0.27099609375 40 -15.885496183206106 9.648854961832061 END
START -7.625954198473282 0.3916015625 -0.286376953125 41 -15.877862595419847 6.625954198473282 END
START -3.7251908396946565 0.397216796875 -0.411376953125 42 -13.290076335877863 6.572519083969466 END
START 1.3587786259541985 0.427734375 -0.40087890625 43 -8.389312977099237 7.8320610687022905 END
START 3.549618320610687 0.388671875 -0.34716796875 44 -7.282442748091603 8.80916030534351 END
START 5.351145038167939 0.37353515625 -0.343017578125 45 -4.458015267175573 9.511450381679388 END
START 6.488549618320611 0.385498046875 -0.308349609375 46 -3.4580152671755724 10.290076335877863 END
START 8.213740458015268 0.3759765625 -0.314208984375 47 -1.213740458015267 11.51908396946565 END
START 9.435114503816793 0.378662109375 -0.324462890625 48 -0.183206106870229 12.938931297709924 END
START 10.244274809160306 0.339111328125 -0.28271484375 49 0.9389312977099237 11.694656488549619 END
START 10.778625954198473 0.3203125 -0.275146484375 50 3.16793893129771 10.50381679389313 END
START 10.335877862595419 0.302490234375 -0.21923828125 51 4.206106870229007 11.526717557251908 END
START 8.053435114503817 0.25927734375 -0.160888671875 52 3.015267175572519 10.80916030534351 END
START 7.145038167938932 0.217529296875 -0.180419921875 53 4.122137404580153 8.82442748091603 END
START 6.816793893129771 0.216796875 -0.2421875 54 6.625954198473282 7.969465648854962 END
START 6.290076335877862 0.229736328125 -0.239990234375 55 8.335877862595419 6.3893129770992365 END
START 6.763358778625954 0.238525390625 -0.238525390625 56 9.48091603053435 4.519083969465649 END
START 6.6106870229007635 0.2451171875 -0.231689453125 57 12.244274809160306 4.4961832061068705 END
START 5.824427480916031 0.214599609375 -0.139404296875 58 12.48091603053435 5.068702290076335 END
START 5.2748091603053435 0.21728515625 -0.065185546875 59 11.65648854961832 5.572519083969466 END
START 6.419847328244275 0.240234375 -0.093505859375 60 10.908396946564885 5.259541984732825 END
START 6.923664122137405 0.264404296875 -0.091796875 61 12.01526717557252 4.152671755725191 END
START 7.755725190839694 0.26220703125 -0.0625 62 10.900763358778626 3.4885496183206106 END
START 8.488549618320612 0.251220703125 -0.032958984375 63 11.076335877862595 4.732824427480916 END
START 8.465648854961833 0.210693359375 0.032958984375 64 10.16793893129771 4.129770992366412 END
START 8.641221374045802 0.171875 0.072998046875 65 9.992366412213741 3.3587786259541983 END
START 8.389312977099237 0.1376953125 0.1064453125 66 10.01526717557252 3.0839694656488548 END
START 7.442748091603053 0.10546875 0.148193359375 67 9.48091603053435 2.7022900763358777 END
START 6.236641221374046 0.06787109375 0.207763671875 68 8.251908396946565 2.4732824427480917 END
START 4.847328244274809 0.034423828125 0.23681640625 69 7.0534351145038165 2.5267175572519083 END
START 3.633587786259542 0.00341796875 0.2509765625 70 5.297709923664122 1.3053435114503817 END
START 2.3740458015267176 0.02294921875 0.259033203125 71 4.641221374045801 1.0381679389312977 END
START 1.297709923664122 0.04638671875 0.236328125 72 2.1755725190839694 1.0 END
START 0.6259541984732825 0.060302734375 0.210205078125 73 0.3969465648854962 0.35877862595419846 END
START 0.549618320610687 0.08447265625 0.15478515625 74 -0.19083969465648856 -0.4732824427480916 END
START 0.24427480916030533 0.111328125 0.1376953125 75 -0.7709923664122137 -0.35877862595419846 END
START -0.26717557251908397 0.1162109375 0.1298828125 76 -2.2900763358778624 -0.4961832061068702 END
START -0.04580152671755725 0.12939453125 0.078125 77 -2.366412213740458 -0.5801526717557252 END
START -0.17557251908396945 0.13232421875 0.062744140625 78 -2.0610687022900764 -0.2748091603053435 END
START -0.5038167938931297 0.153564453125 0.053955078125 79 -2.8244274809160306 -0.2595419847328244 END
START -0.46564885496183206 0.153564453125 0.00341796875 80 -2.7786259541984735 -0.3435114503816794 END
START -0.3893129770992366 0.161865234375 -0.010498046875 81 -2.198473282442748 -0.45038167938931295 END
START -0.16030534351145037 0.160400390625 -0.03125 82 -3.0916030534351147 -1.0458015267175573 END
START -0.45038167938931295 0.15087890625 -0.03125 83 -2.053435114503817 -1.1603053435114503 END
START -0.6564885496183206 0.14892578125 -0.01904296875 84 -2.519083969465649 -1.3587786259541985 END
START -1.0381679389312977 0.158935546875 -0.043701171875 85 -0.022900763358778626 -0.9236641221374046 END
START -1.0687022900763359 0.182861328125 -0.07177734375 86 -2.282442748091603 -0.45038167938931295 END
START -0.5648854961832062 0.192626953125 -0.107666015625 87 -2.045801526717557 -0.17557251908396945 END
START -0.2824427480916031 0.2001953125 -0.115966796875 88 -1.0916030534351144 -0.6793893129770993 END
START -0.6717557251908397 0.185546875 -0.09814453125 89 -0.3282442748091603 -0.5648854961832062 END
START -0.8778625954198473 0.1640625 -0.08056640625 90 0.015267175572519083 -0.816793893129771 END
START -0.16793893129770993 0.170654296875 -0.104736328125 91 0.9694656488549618 -1.1145038167938932 END
START 0.366412213740458 0.162109375 -0.072021484375 92 1.3129770992366412 -1.5801526717557253 END
START 0.26717557251908397 0.173828125 -0.04443359375 93 2.1908396946564888 -1.2900763358778626 END
START -0.4732824427480916 0.179443359375 0.00439453125 94 1.6641221374045803 0.5190839694656488 END
START -1.9083969465648856 0.20166015625 -0.01953125 95 1.2290076335877862 0.9694656488549618 END
START 0.20610687022900764 0.19384765625 -0.008056640625 96 0.816793893129771 0.6793893129770993 END
START 0.13740458015267176 0.179443359375 0.02880859375 97 1.8702290076335877 0.7251908396946565 END
START 0.05343511450381679 0.16357421875 0.00146484375 98 -0.21374045801526717 0.183206106870229 END
START -0.08396946564885496 0.14208984375 0.001953125 99 -0.8396946564885496 0.05343511450381679 END
START 0.183206106870229 0.1630859375 -0.01123046875 100 -0.6870229007633588 -0.16030534351145037 END
START 0.21374045801526717 0.15966796875 -0.009033203125 101 -0.03816793893129771 0.13740458015267176 END
START 0.2366412213740458 0.165283203125 -0.007080078125 102 -0.5038167938931297 -0.4198473282442748 END
START 0.17557251908396945 0.1591796875 -0.031494140625 103 0.19083969465648856 -0.6946564885496184 END
START -0.1984732824427481 0.193359375 -0.02294921875 104 -0.183206106870229 0.7175572519083969 END
START 0.061068702290076333 0.18896484375 -0.040283203125 105 -0.29770992366412213 0.816793893129771 END
START 0.48091603053435117 0.193603515625 -0.0517578125 106 -0.366412213740458 0.4580152671755725 END
START 0.21374045801526717 0.158447265625 -0.030029296875 107 -0.4580152671755725 0.21374045801526717 END
START -0.061068702290076333 0.155029296875 -0.0283203125 108 -0.5267175572519084 0.03816793893129771 END
START 0.030534351145038167 0.145751953125 -0.039306640625 109 -0.26717557251908397 -0.7786259541984732 END
START -0.13740458015267176 0.156494140625 -0.032470703125 110 -0.06870229007633588 -0.7480916030534351 END
START -0.030534351145038167 0.169189453125 -0.039794921875 111 0.46564885496183206 -1.0381679389312977 END
START -0.37404580152671757 0.1923828125 -0.022705078125 112 0.4961832061068702 -0.16030534351145037 END
START -0.04580152671755725 0.2099609375 -0.01708984375 113 0.22900763358778625 0.8854961832061069 END
START 0.366412213740458 0.215576171875 -0.034423828125 114 -0.11450381679389313 0.916030534351145 END
START 0.25190839694656486 0.1953125 -0.017578125 115 0.015267175572519083 0.48854961832061067 END
START 0.10687022900763359 0.160888671875 -0.00146484375 116 0.16793893129770993 0.0916030534351145 END
START -0.007633587786259542 0.1552734375 -0.005126953125 117 -0.0916030534351145 -0.13740458015267176 END
START -0.2900763358778626 0.140625 -0.00048828125 118 -0.29770992366412213 -0.48091603053435117 END
START -0.2366412213740458 0.14697265625 -0.02392578125 119 -0.1450381679389313 -0.8091603053435115 END
START -0.2748091603053435 0.173828125 -0.026611328125 120 1.9465648854961832 -0.6717557251908397 END
START -0.06870229007633588 0.19580078125 -0.04248046875 121 -0.10687022900763359 -0.21374045801526717 END
START 0.4351145038167939 0.207763671875 -0.052978515625 122 -0.1984732824427481 0.29770992366412213 END
START 0.29770992366412213 0.192626953125 -0.037353515625 123 -0.06870229007633588 0.6946564885496184 END
START 0.3435114503816794 0.18212890625 -0.04638671875 124 0.04580152671755725 0.9465648854961832 END
START 0.46564885496183206 0.16748046875 -0.0224609375 125 -0.1984732824427481 0.40458015267175573 END
START 0.1450381679389313 0.1533203125 -0.02587890625 126 -0.20610687022900764 0.015267175572519083 END
START 1.916030534351145 0.14892578125 -0.0263671875 127 0.12213740458015267 -0.7022900763358778 END
START -0.19083969465648856 0.146728515625 -0.004150390625 128 -0.06870229007633588 -0.7709923664122137 END
START -0.04580152671755725 0.163818359375 -0.030029296875 129 0.2900763358778626 -1.297709923664122 END
START -0.007633587786259542 0.183837890625 -0.021728515625 130 0.12213740458015267 -0.8931297709923665 END
START 0.183206106870229 0.2099609375 -0.031982421875 131 0.26717557251908397 0.3816793893129771 END
START 0.549618320610687 0.22265625 -0.033935546875 132 -0.03816793893129771 1.0305343511450382 END
START 0.7099236641221374 0.21826171875 -0.031982421875 133 0.06870229007633588 1.4961832061068703 END