START 7.374045801526718 0.18115234375 -0.09619140625 2 4.916030534351145 -4.2748091603053435 END
START 7.862595419847328 0.1748046875 -0.080078125 3 5.755725190839694 -4.908396946564886 END
START 7.977099236641221 0.1611328125 -0.057373046875 4 6.916030534351145 -4.152671755725191 END
START 7.1679389312977095 0.145751953125 0.009033203125 5 6.33587786259542 -1.9923664122137406 END
START 6.732824427480916 0.134033203125 0.019775390625 6 6.290076335877862 -5.068702290076335 END
START 6.816793893129771 0.125244140625 0.00732421875 7 6.900763358778626 -6.801526717557252 END
START 6.3893129770992365 0.12744140625 0.0283203125 8 7.99236641221374 -7.183206106870229 END
START 5.259541984732825 0.11328125 0.077880859375 9 7.305343511450381 -7.442748091603053 END
START 4.687022900763359 0.102783203125 0.088134765625 10 6.916030534351145 -8.290076335877863 END
START 4.374045801526718 0.109130859375 0.07080078125 11 7.709923664122138 -9.549618320610687 END
START 4.229007633587786 0.10107421875 0.066650390625 12 6.32824427480916 -12.977099236641221 END
START 5.824427480916031 0.069580078125 0.094482421875 13 6.969465648854962 -15.938931297709924 END
START 2.3435114503816794 0.047607421875 0.156982421875 14 7.00763358778626 -17.595419847328245 END
START -0.5038167938931297 0.0341796875 0.28564453125 15 4.99236641221374 -17.732824427480917 END
START -2.763358778625954 0.078125 0.31103515625 16 2.0610687022900764 -18.458015267175572 END
START -3.984732824427481 0.228271484375 0.240478515625 17 3.5114503816793894 -19.068702290076335 END
START -5.4961832061068705 0.3583984375 0.2265625 18 2.7938931297709924 -13.748091603053435 END
START -8.610687022900763 0.39990234375 0.31494140625 19 -0.09923664122137404 -4.9541984732824424 END
START -11.877862595419847 0.383544921875 0.355712890625 20 -7.450381679389313 0.9694656488549618 END
START -12.473282442748092 0.406982421875 0.22119140625 21 -10.748091603053435 3.0229007633587788 END
START -14.038167938931299 0.371337890625 0.18017578125 22 -9.916030534351146 3.83206106870229 END
START -12.816793893129772 0.428466796875 0.093994140625 23 -18.17557251908397 5.473282442748092 END
START -11.251908396946565 0.36669921875 0.046142578125 24 -16.6793893129771 6.022900763358779 END
START -11.419847328244275 0.277587890625 0.09814453125 25 -18.083969465648856 5.717557251908397 END
START -12.916030534351146 0.172119140625 0.169677734375 26 -18.412213740458014 6.1679389312977095 END
START -13.0 0.11181640625 0.130859375 27 -19.47328244274809 5.152671755725191 END
START -12.488549618320612 0.12109375 0.0478515625 28 -16.015267175572518 4.580152671755725 END
START -12.82442748091603 0.10205078125 0.06494140625 29 -15.80916030534351 3.8702290076335877 END
START -12.458015267175572 0.114013671875 0.0400390625 30 -15.206106870229007 4.244274809160306 END
START -11.778625954198473 0.177978515625 -0.01171875 31 -14.16793893129771 3.8244274809160306 END
START -10.877862595419847 0.20361328125 -0.050048828125 32 -13.908396946564885 3.2213740458015265 END
START -9.763358778625955 0.2333984375 -0.1025390625 33 -13.442748091603054 3.1603053435114505 END
START -8.419847328244275 0.253173828125 -0.128662109375 34 -13.992366412213741 3.2290076335877864 END
START -7.824427480916031 0.248046875 -0.135986328125 35 -12.549618320610687 3.33587786259542 END
START -4.694656488549619 0.295654296875 -0.25634765625 36 -14.801526717557252 1.984732824427481 END
START -2.8244274809160306 0.322509765625 -0.303466796875 37 -10.488549618320612 1.366412213740458 END
START -3.801526717557252 0.31201171875 -0.23974609375 38 -10.603053435114504 1.7633587786259541 END
START -1.465648854961832 0.32080078125 -0.2294921875 39 -8.80916030534351 4.427480916030534 END
START -1.3358778625954197 0.2822265625 -0.216796875 40 -8.274809160305344 4.572519083969466 END
START -0.1984732824427481 0.30419921875 -0.25439453125 41 -6.099236641221374 5.793893129770993 END
START 0.7022900763358778 0.318115234375 -0.282958984375 42 -4.229007633587786 8.122137404580153 END
START 0.732824427480916 0.313232421875 -0.27294921875 43 -3.5572519083969465 10.106870229007633 END
START 2.3740458015267176 0.33203125 -0.306640625 44 -3.8244274809160306 9.633587786259541 END
START 3.984732824427481 0.338623046875 -0.346435546875 45 -0.7175572519083969 10.564885496183207 END
START 3.236641221374046 0.265869140625 -0.2060546875 46 -0.2748091603053435 9.358778625954198 END
START 3.931297709923664 0.224365234375 -0.255615234375 47 -0.15267175572519084 6.694656488549619 END
START 5.7251908396946565 0.181640625 -0.2392578125 48 3.2290076335877864 5.122137404580153 END
START 3.3206106870229006 0.161376953125 -0.212646484375 49 4.396946564885496 4.885496183206107 END
START 3.267175572519084 0.151611328125 -0.206298828125 50 6.259541984732825 3.0 END
START 3.3969465648854964 0.158935546875 -0.201171875 51 8.320610687022901 1.633587786259542 END
START 3.4122137404580153 0.20556640625 -0.19580078125 52 10.068702290076336 2.564885496183206 END
START 4.66412213740458 0.25244140625 -0.214599609375 53 9.442748091603054 3.3893129770992365 END
START 5.9465648854961835 0.29345703125 -0.20703125 54 10.893129770992367 2.6946564885496183 END
START 6.99236641221374 0.298828125 -0.163330078125 55 11.648854961832061 2.427480916030534 END
START 7.267175572519084 0.29248046875 -0.1162109375 56 11.801526717557252 3.66412213740458 END
START 7.083969465648855 0.272216796875 -0.06396484375 57 10.114503816793894 4.022900763358779 END
START 7.931297709923665 0.256591796875 -0.06396484375 58 11.13740458015267 3.5419847328244276 END
START 8.473282442748092 0.23974609375 -0.007080078125 59 12.259541984732824 4.251908396946565 END
START 8.198473282442748 0.224365234375 0.0556640625 60 11.114503816793894 5.419847328244275 END
START 7.122137404580153 0.179443359375 0.1201171875 61 10.076335877862595 5.519083969465649 END
START 7.122137404580153 0.1533203125 0.123779296875 62 9.267175572519085 4.847328244274809 END
START 7.66412213740458 0.121337890625 0.1806640625 63 9.450381679389313 4.633587786259542 END
START 5.4961832061068705 0.07763671875 0.27783203125 64 6.488549618320611 4.0458015267175576 END
START 1.6564885496183206 0.057861328125 0.283935546875 65 4.091603053435114 4.190839694656488 END
START 1.0534351145038168 0.047607421875 0.239501953125 66 1.8702290076335877 2.1297709923664123 END
START 1.0763358778625953 0.052490234375 0.173583984375 67 1.6259541984732824 0.007633587786259542 END
START 0.9389312977099237 0.048583984375 0.1611328125 68 0.3053435114503817 -1.1297709923664123 END
START 0.3893129770992366 0.05322265625 0.177734375 69 -0.8320610687022901 -1.702290076335878 END
START 0.08396946564885496 0.053466796875 0.1572265625 70 -1.366412213740458 -2.49618320610687 END
START -0.26717557251908397 0.07080078125 0.132080078125 71 -1.2900763358778626 -3.1908396946564888 END
START -0.46564885496183206 0.10400390625 0.100830078125 72 -1.2671755725190839 -2.6030534351145036 END
START -0.29770992366412213 0.14111328125 0.060546875 73 -1.8931297709923665 -2.4122137404580153 END
START 0.24427480916030533 0.18212890625 0.027099609375 74 -3.816793893129771 -2.519083969465649 END
START 0.7404580152671756 0.2099609375 -0.0068359375 75 -1.6946564885496183 -3.854961832061069 END
START 0.8396946564885496 0.2392578125 -0.000244140625 76 -2.4198473282442747 -0.7251908396946565 END
START 1.0687022900763359 0.2421875 -0.02490234375 77 -2.786259541984733 0.07633587786259542 END
START 1.2213740458015268 0.248779296875 -0.03515625 78 -2.4198473282442747 0.8091603053435115 END
START 1.8702290076335877 0.262451171875 -0.05615234375 79 -3.0076335877862594 1.297709923664122 END
START 1.8091603053435115 0.231689453125 -0.072265625 80 -2.6259541984732824 1.618320610687023 END
START 0.8702290076335878 0.208251953125 -0.048095703125 81 -2.648854961832061 1.0534351145038168 END
START 0.7175572519083969 0.1611328125 -0.067138671875 82 -2.6717557251908395 0.3893129770992366 END
START 0.07633587786259542 0.10986328125 -0.0830078125 83 -1.6793893129770991 -1.0534351145038168 END
START -0.5038167938931297 0.1044921875 -0.081787109375 84 -1.6717557251908397 -2.145038167938931 END
START -0.7404580152671756 0.120361328125 -0.104248046875 85 -0.7557251908396947 -2.5343511450381677 END
START -0.46564885496183206 0.16357421875 -0.11962890625 86 -0.16793893129770993 -2.114503816793893 END
START 0.06870229007633588 0.213623046875 -0.130126953125 87 0.7709923664122137 -0.8320610687022901 END
START 0.4198473282442748 0.2236328125 -0.12060546875 88 1.213740458015267 -0.03816793893129771 END
START 0.6641221374045801 0.21533203125 -0.07861328125 89 0.05343511450381679 0.5725190839694656 END
START 0.6259541984732825 0.197021484375 -0.058837890625 90 1.702290076335878 1.0076335877862594 END
START 0.5954198473282443 0.1748046875 -0.013916015625 91 1.5572519083969465 0.48854961832061067 END
START 0.24427480916030533 0.14990234375 0.012939453125 92 1.183206106870229 0.2366412213740458 END
START 0.15267175572519084 0.14501953125 0.028076171875 93 0.5190839694656488 -0.45038167938931295 END
START -0.20610687022900764 0.125732421875 0.033203125 94 0.2900763358778626 -0.7557251908396947 END
START -0.5648854961832062 0.151123046875 0.01611328125 95 0.007633587786259542 -1.0076335877862594 END
START -0.366412213740458 0.192626953125 0.01416015625 96 0.030534351145038167 -0.366412213740458 END
START -1.9389312977099236 0.221923828125 -0.019775390625 97 -0.42748091603053434 0.7022900763358778 END
START 0.7404580152671756 0.225830078125 -0.047607421875 98 -0.3511450381679389 0.5725190839694656 END
START 0.6946564885496184 0.211669921875 -0.031982421875 99 -0.6412213740458015 1.0 END
START 0.5648854961832062 0.172607421875 -0.01806640625 100 -0.7175572519083969 0.21374045801526717 END
START 0.6793893129770993 0.159423828125 -0.017822265625 101 -0.8320610687022901 -0.4122137404580153 END
START 0.5725190839694656 0.15087890625 -0.039794921875 102 -0.5343511450381679 -1.1526717557251909 END
START 0.15267175572519084 0.148681640625 -0.03662109375 103 0.06870229007633588 -1.213740458015267 END
START -0.030534351145038167 0.171630859375 -0.03857421875 104 -1.900763358778626 -1.0916030534351144 END
START -0.15267175572519084 0.177978515625 -0.0380859375 105 0.6030534351145038 -0.42748091603053434 END
START -0.20610687022900764 0.1982421875 -0.0419921875 106 0.26717557251908397 0.7251908396946565 END
START 0.26717557251908397 0.213623046875 -0.0625 107 0.48854961832061067 1.3282442748091603 END
START 0.2366412213740458 0.21728515625 -0.037353515625 108 -1.9541984732824427 1.4809160305343512 END
START 0.16793893129770993 0.178466796875 -0.029541015625 109 0.10687022900763359 0.6717557251908397 END
START -1.9541984732824427 0.166015625 -0.01806640625 110 -0.17557251908396945 0.183206106870229 END
START -0.022900763358778626 0.158447265625 -0.0234375 111 0.183206106870229 -0.4732824427480916 END
START -0.183206106870229 0.152587890625 -0.0234375 112 0.26717557251908397 -0.732824427480916 END
START -0.33587786259541985 0.155517578125 -0.010009765625 113 0.1450381679389313 -1.015267175572519 END
START -0.5343511450381679 0.166748046875 -0.0078125 114 1.9465648854961832 -0.5725190839694656 END
START -0.183206106870229 0.199462890625 -0.046875 115 -0.03816793893129771 -0.007633587786259542 END
START -1.9236641221374047 0.211181640625 -0.0380859375 116 -0.3816793893129771 0.8778625954198473 END
START 0.4961832061068702 0.21826171875 -0.043701171875 117 -0.22900763358778625 1.1450381679389312 END
START 0.5038167938931297 0.20263671875 -0.031005859375 118 -0.6870229007633588 0.9465648854961832 END
START 0.1450381679389313 0.160400390625 -0.0302734375 119 -0.48091603053435117 0.0916030534351145 END
START 0.022900763358778626 0.140625 -0.037109375 120 -0.08396946564885496 -0.5267175572519084 END
START -0.03816793893129771 0.151611328125 -0.041748046875 121 0.13740458015267176 -1.099236641221374 END
START -0.19083969465648856 0.1689453125 -0.03369140625 122 0.44274809160305345 -1.183206106870229 END
START -0.3893129770992366 0.184814453125 -0.02490234375 123 0.03816793893129771 -0.33587786259541985 END
START 0.183206106870229 0.203857421875 -0.03271484375 124 -1.916030534351145 0.22900763358778625 END
START 0.09923664122137404 0.212890625 -0.03466796875 125 -0.48854961832061067 1.3129770992366412 END
START 0.2595419847328244 0.200927734375 -0.043212890625 126 -0.061068702290076333 1.2442748091603053 END
START 0.3969465648854962 0.180419921875 -0.028564453125 127 -0.29770992366412213 0.732824427480916 END
START 0.2748091603053435 0.1591796875 -0.02587890625 128 -0.16793893129770993 -0.015267175572519083 END
START 0.22900763358778625 0.16845703125 -0.019287109375 129 0.35877862595419846 -0.648854961832061 END
START 0.030534351145038167 0.1533203125 -0.025146484375 130 0.25190839694656486 -1.015267175572519 END
START -0.05343511450381679 0.17236328125 -0.02978515625 131 0.4961832061068702 -1.1221374045801527 END