START 5.557251908396947 0.22705078125 -0.0732421875 2 1.8091603053435115 0.183206106870229 END
START 6.183206106870229 0.20654296875 -0.092041015625 3 1.0381679389312977 -1.83206106870229 END
START 7.267175572519084 0.208740234375 -0.12841796875 4 3.854961832061069 -2.8396946564885495 END
START 7.511450381679389 0.20849609375 -0.095947265625 5 2.0076335877862594 -3.1297709923664123 END
START 7.625954198473282 0.197021484375 -0.091064453125 6 3.8473282442748094 -2.8931297709923665 END
START 8.183206106870228 0.2060546875 -0.087890625 7 5.236641221374046 -3.7557251908396947 END
START 8.633587786259541 0.216796875 -0.09716796875 8 5.732824427480916 -3.6717557251908395 END
START 9.038167938931299 0.2265625 -0.08642578125 9 5.9541984732824424 -4.374045801526718 END
START 10.458015267175572 0.219970703125 -0.115234375 10 6.267175572519084 -6.076335877862595 END
START 11.50381679389313 0.204833984375 -0.120361328125 11 7.900763358778626 -6.847328244274809 END
START 11.618320610687023 0.174560546875 -0.066650390625 12 7.244274809160306 -8.580152671755725 END
START 11.694656488549619 0.16455078125 -0.056884765625 13 8.374045801526718 -9.526717557251908 END
START 12.709923664122137 0.13427734375 -0.0673828125 14 7.885496183206107 -12.961832061068701 END
START 12.938931297709924 0.107421875 -0.043212890625 15 11.65648854961832 -16.251908396946565 END
START 12.145038167938932 0.0615234375 0.044921875 16 10.732824427480915 -18.47328244274809 END
START 11.473282442748092 0.05517578125 0.0908203125 17 11.17557251908397 -20.458015267175572 END
START 10.83969465648855 0.04150390625 0.138427734375 18 12.251908396946565 -24.52671755725191 END
START 9.557251908396946 0.0400390625 0.234375 19 11.793893129770993 -27.114503816793892 END
START 7.679389312977099 0.0498046875 0.39208984375 20 14.206106870229007 -26.297709923664122 END
START 1.4732824427480915 0.09033203125 0.557373046875 21 13.236641221374045 -22.259541984732824 END
START -4.862595419847328 0.15966796875 0.63037109375 22 4.5038167938931295 -15.259541984732824 END
START -9.358778625954198 0.299560546875 0.440673828125 23 -0.916030534351145 -8.80916030534351 END
START -8.099236641221374 0.4892578125 0.157470703125 24 -2.2442748091603053 -7.1679389312977095 END
START -6.267175572519084 0.59814453125 -0.0107421875 25 -3.0 -3.969465648854962 END
START -5.351145038167939 0.61865234375 -0.022705078125 26 -5.458015267175573 0.4122137404580153 END
START -6.183206106870229 0.549072265625 0.072265625 27 -8.900763358778626 4.824427480916031 END
START -7.290076335877862 0.425537109375 0.13427734375 28 -13.030534351145038 6.030534351145038 END
START -9.251908396946565 0.287353515625 0.20361328125 29 -14.923664122137405 4.862595419847328 END
START -10.129770992366412 0.21484375 0.1865234375 30 -16.35114503816794 5.1679389312977095 END
START -10.51908396946565 0.179931640625 0.118896484375 31 -16.69465648854962 5.320610687022901 END
START -10.664122137404581 0.132080078125 0.09912109375 32 -15.870229007633588 3.984732824427481 END
START -11.83206106870229 0.072265625 0.150146484375 33 -16.0 2.236641221374046 END
START -13.473282442748092 0.04296875 0.15771484375 34 -16.12213740458015 2.366412213740458 END
START -13.854961832061068 0.047119140625 0.12060546875 35 -15.450381679389313 1.9694656488549618 END
START -13.442748091603054 0.085693359375 0.05078125 36 -13.969465648854962 0.04580152671755725 END
START -13.82442748091603 0.13037109375 0.040283203125 37 -12.557251908396946 2.3206106870229006 END
START -14.16030534351145 0.16650390625 0.038330078125 38 -12.946564885496183 2.5877862595419847 END
START -14.465648854961833 0.1884765625 0.012451171875 39 -13.091603053435115 3.267175572519084 END
START -14.50381679389313 0.225341796875 -0.01953125 40 -13.488549618320612 3.931297709923664 END
START -13.931297709923664 0.282470703125 -0.08056640625 41 -13.702290076335878 3.83206106870229 END
START -12.885496183206106 0.3525390625 -0.1689453125 42 -13.778625954198473 3.366412213740458 END
START -10.267175572519085 0.430908203125 -0.224609375 43 -12.732824427480915 4.068702290076335 END
START -7.374045801526718 0.470458984375 -0.334228515625 44 -13.007633587786259 4.427480916030534 END
START -5.175572519083969 0.493408203125 -0.317138671875 45 -7.938931297709924 4.3816793893129775 END
START -3.427480916030534 0.444580078125 -0.28564453125 46 -8.34351145038168 5.763358778625954 END
START -1.297709923664122 0.4189453125 -0.291015625 47 -6.961832061068702 7.099236641221374 END
START -0.9694656488549618 0.367431640625 -0.240234375 48 -5.236641221374046 7.4961832061068705 END
START -1.9312977099236641 0.3505859375 -0.210693359375 49 -4.67175572519084 7.778625954198473 END
START 1.0763358778625953 0.340087890625 -0.2314453125 50 -2.8931297709923665 8.50381679389313 END
START 1.7786259541984732 0.312744140625 -0.20703125 51 -2.0610687022900764 9.641221374045802 END
START 1.786259541984733 0.280029296875 -0.1279296875 52 -2.0381679389312977 8.923664122137405 END
START 2.4198473282442747 0.224365234375 -0.138427734375 53 -1.099236641221374 7.190839694656488 END
START 3.5267175572519083 0.216796875 -0.1552734375 54 0.03816793893129771 6.908396946564886 END
START 4.099236641221374 0.21484375 -0.1455078125 55 0.8396946564885496 7.870229007633588 END
START 3.3206106870229006 0.164794921875 -0.085693359375 56 1.3206106870229009 8.022900763358779 END
START 3.267175572519084 0.168701171875 -0.10302734375 57 0.04580152671755725 8.320610687022901 END
START 4.648854961832061 0.213134765625 -0.15771484375 58 3.519083969465649 6.190839694656488 END
START 5.427480916030534 0.236083984375 -0.161865234375 59 4.022900763358779 5.0 END
START 5.404580152671755 0.228271484375 -0.10888671875 60 6.1679389312977095 4.3893129770992365 END
START 3.969465648854962 0.239501953125 -0.106689453125 61 6.717557251908397 4.717557251908397 END
START 6.282442748091603 0.238525390625 -0.0888671875 62 7.625954198473282 4.534351145038168 END
START 6.106870229007634 0.2236328125 -0.041015625 63 7.396946564885496 3.4656488549618323 END
START 6.366412213740458 0.22998046875 -0.028564453125 64 7.67175572519084 3.931297709923664 END
START 6.343511450381679 0.25146484375 -0.025390625 65 7.1679389312977095 4.6183206106870225 END
START 6.221374045801527 0.251220703125 -0.010009765625 66 6.900763358778626 5.0 END
START 6.3816793893129775 0.269775390625 -0.02197265625 67 5.961832061068702 5.244274809160306 END
START 6.717557251908397 0.257080078125 -0.026123046875 68 6.290076335877862 5.0534351145038165 END
START 7.351145038167939 0.236572265625 -0.030029296875 69 5.923664122137405 4.793893129770993 END
START 7.015267175572519 0.1962890625 0.04541015625 70 5.7251908396946565 4.717557251908397 END
START 5.221374045801527 0.131103515625 0.146240234375 71 3.9236641221374047 4.297709923664122 END
START 2.7786259541984735 0.077880859375 0.187255859375 72 3.8091603053435112 3.5801526717557253 END
START 1.5648854961832062 0.0517578125 0.157958984375 73 1.2061068702290076 2.3206106870229006 END
START 1.0458015267175573 0.061767578125 0.106201171875 74 1.6793893129770991 1.6641221374045803 END
START 0.5419847328244275 0.066162109375 0.06884765625 75 1.6412213740458015 1.5038167938931297 END
START 0.6412213740458015 0.090576171875 0.04638671875 76 0.9083969465648855 0.9007633587786259 END
START 0.8091603053435115 0.109130859375 0.02001953125 77 1.5725190839694656 -0.4198473282442748 END
START 0.6946564885496184 0.081298828125 0.028076171875 78 2.1603053435114505 -1.7633587786259541 END
START 0.22137404580152673 0.109130859375 0.03076171875 79 2.2748091603053435 -2.0381679389312977 END
START 0.25190839694656486 0.150390625 0.005126953125 80 1.8702290076335877 -2.1374045801526718 END
START 0.9770992366412213 0.1943359375 -0.04052734375 81 2.267175572519084 -1.8778625954198473 END
START 1.2595419847328244 0.21240234375 -0.025390625 82 2.8396946564885495 -1.5267175572519085 END
START 1.0229007633587786 0.23291015625 -0.01611328125 83 3.8091603053435112 -0.8091603053435115 END
START 1.7404580152671756 0.27099609375 -0.066162109375 84 1.2748091603053435 0.6564885496183206 END
START 2.7251908396946565 0.3037109375 -0.10986328125 85 0.8854961832061069 0.9389312977099237 END
START 2.8931297709923665 0.29296875 -0.080078125 86 1.4427480916030535 1.1068702290076335 END
START 2.5419847328244276 0.265380859375 -0.0771484375 87 -0.5267175572519084 3.885496183206107 END
START 2.6946564885496183 0.175537109375 -0.060791015625 88 0.33587786259541985 -0.06870229007633588 END
START 2.2290076335877864 0.143310546875 -0.03564453125 89 -0.0916030534351145 -0.37404580152671757 END
START 1.3282442748091603 0.095458984375 -0.017822265625 90 1.6412213740458015 -1.8625954198473282 END
START -0.6412213740458015 0.08935546875 0.055419921875 91 0.061068702290076333 -1.1297709923664123 END
START -0.5725190839694656 0.133056640625 0.008056640625 92 -0.6717557251908397 -1.4809160305343512 END
START -0.8015267175572519 0.187744140625 -0.046142578125 93 -0.4732824427480916 -0.7633587786259542 END
START -0.4961832061068702 0.21533203125 -0.05029296875 94 0.46564885496183206 0.07633587786259542 END
START -0.08396946564885496 0.230224609375 -0.053466796875 95 0.3282442748091603 0.5648854961832062 END
START 0.09923664122137404 0.221435546875 -0.057373046875 96 0.5114503816793893 0.9236641221374046 END
START 0.2595419847328244 0.18359375 -0.00537109375 97 -1.9312977099236641 0.1297709923664122 END
START 0.05343511450381679 0.1640625 0.000732421875 98 -0.29770992366412213 -0.4732824427480916 END
START -0.030534351145038167 0.156494140625 -0.015625 99 -0.29770992366412213 -1.3358778625954197 END
START -0.2900763358778626 0.15087890625 0.008056640625 100 -0.8778625954198473 -1.1984732824427482 END
START -0.7175572519083969 0.166748046875 0.01318359375 101 -0.6870229007633588 -1.3587786259541985 END
START -0.4198473282442748 0.213623046875 -0.037353515625 102 0.11450381679389313 -0.17557251908396945 END
START -0.2748091603053435 0.222900390625 -0.025634765625 103 -0.21374045801526717 0.8396946564885496 END
START 0.06870229007633588 0.228759765625 -0.04638671875 104 -0.33587786259541985 1.2595419847328244 END
START 0.7633587786259542 0.22314453125 -0.059814453125 105 -0.03816793893129771 0.916030534351145 END
START 0.33587786259541985 0.190185546875 -0.01220703125 106 -0.3969465648854962 0.4122137404580153 END
START 0.183206106870229 0.162353515625 -0.0029296875 107 -0.19083969465648856 -0.2748091603053435 END
START 0.16793893129770993 0.161865234375 -0.026123046875 108 0.15267175572519084 -0.9389312977099237 END
START 0.0916030534351145 0.161376953125 -0.015625 109 0.061068702290076333 -1.1984732824427482 END
START -0.11450381679389313 0.177001953125 -0.003173828125 110 0.2748091603053435 -1.0229007633587786 END
START -0.061068702290076333 0.19287109375 -0.02880859375 111 -0.007633587786259542 -0.6564885496183206 END
START 0.2595419847328244 0.221923828125 -0.040283203125 112 0.2366412213740458 -0.3282442748091603 END
START -0.22137404580152673 0.2333984375 -0.005859375 113 1.8931297709923665 1.7557251908396947 END
START 0.21374045801526717 0.2158203125 -0.0185546875 114 -0.48854961832061067 1.4961832061068703 END
START 0.015267175572519083 0.191162109375 -0.019775390625 115 -0.4198473282442748 1.2595419847328244 END
START -0.11450381679389313 0.15380859375 -0.007568359375 116 -0.549618320610687 -0.20610687022900764 END
START -0.22137404580152673 0.152587890625 -0.029052734375 117 0.22900763358778625 -0.816793893129771 END
START -0.24427480916030533 0.155517578125 -0.003173828125 118 0.5572519083969466 -1.3511450381679388 END
START -0.20610687022900764 0.172119140625 -0.023193359375 119 0.42748091603053434 -1.099236641221374 END
START -0.21374045801526717 0.211181640625 -0.022705078125 120 0.4122137404580153 -0.5343511450381679 END
START 0.12213740458015267 0.237548828125 -0.03955078125 121 0.05343511450381679 1.0 END
START 0.5648854961832062 0.2255859375 -0.04443359375 122 -0.3282442748091603 1.0916030534351144 END
START 0.3893129770992366 0.199462890625 -0.04296875 123 -0.22137404580152673 1.2595419847328244 END
START 0.48854961832061067 0.159912109375 -0.030029296875 124 -0.3511450381679389 -0.24427480916030533 END
START -0.03816793893129771 0.154052734375 -0.0068359375 125 1.8549618320610688 -0.5343511450381679 END
START -0.04580152671755725 0.160888671875 -0.019287109375 126 0.20610687022900764 -0.9312977099236641 END
START -0.03816793893129771 0.184814453125 -0.0185546875 127 0.19083969465648856 -0.6183206106870229 END
START 0.07633587786259542 0.20556640625 -0.031005859375 128 0.12213740458015267 -0.40458015267175573 END
START 0.3053435114503817 0.213134765625 -0.045166015625 129 -1.916030534351145 -1.900763358778626 END
START 0.15267175572519084 0.2109375 -0.019775390625 130 1.8549618320610688 0.8778625954198473 END
START 0.1450381679389313 0.204345703125 -0.02099609375 131 0.0 1.1297709923664123 END
START -0.022900763358778626 0.186279296875 -0.010498046875 132 -0.5725190839694656 1.183206106870229 END