START 7.977099236641221 0.190185546875 -0.1083984375 2 4.656488549618321 -6.67175572519084 END
START 7.870229007633588 0.204833984375 -0.079833984375 3 4.778625954198473 -6.129770992366412 END
START 8.65648854961832 0.199951171875 -0.093017578125 4 5.786259541984733 -7.221374045801527 END
START 8.717557251908397 0.1689453125 -0.05810546875 5 7.374045801526718 -8.854961832061068 END
START 7.908396946564886 0.13427734375 0.01513671875 6 7.885496183206107 -9.511450381679388 END
START 7.244274809160306 0.1337890625 0.025634765625 7 8.045801526717558 -9.34351145038168 END
START 7.0 0.14453125 0.016357421875 8 7.9541984732824424 -9.969465648854962 END
START 6.587786259541985 0.152587890625 0.041259765625 9 9.725190839694656 -10.938931297709924 END
START 5.6183206106870225 0.16015625 0.0673828125 10 9.450381679389313 -12.0 END
START 4.961832061068702 0.16748046875 0.09375 11 9.49618320610687 -12.48091603053435 END
START 4.687022900763359 0.15869140625 0.13232421875 12 9.641221374045802 -14.374045801526718 END
START 3.984732824427481 0.174072265625 0.197998046875 13 9.091603053435115 -15.030534351145038 END
START 0.6106870229007634 0.2109375 0.290771484375 14 8.793893129770993 -13.320610687022901 END
START -3.0916030534351147 0.23046875 0.384033203125 15 3.6946564885496183 -7.022900763358779 END
START -4.908396946564886 0.280517578125 0.32861328125 16 -0.29770992366412213 -3.7022900763358777 END
START -4.977099236641221 0.3408203125 0.198974609375 17 -2.1374045801526718 -2.351145038167939 END
START -4.030534351145038 0.347412109375 0.10400390625 18 -3.6412213740458017 -1.4427480916030535 END
START -4.122137404580153 0.341064453125 0.105224609375 19 -4.885496183206107 0.061068702290076333 END
START -5.679389312977099 0.266357421875 0.1953125 20 -9.16030534351145 1.5267175572519085 END
START -7.297709923664122 0.199951171875 0.25048828125 21 -10.16030534351145 0.7557251908396947 END
START -9.709923664122137 0.1748046875 0.2177734375 22 -9.541984732824428 1.6946564885496183 END
START -9.595419847328245 0.191162109375 0.15771484375 23 -14.274809160305344 1.6259541984732824 END
START -8.893129770992367 0.17529296875 0.080078125 24 -10.145038167938932 0.8549618320610687 END
START -10.427480916030534 0.13623046875 0.201904296875 25 -9.908396946564885 1.5190839694656488 END
START -13.335877862595419 0.11962890625 0.265380859375 26 -14.274809160305344 3.33587786259542 END
START -13.244274809160306 0.12744140625 0.150390625 27 -15.366412213740459 3.3206106870229006 END
START -12.442748091603054 0.1611328125 0.064208984375 28 -13.114503816793894 2.0916030534351147 END
START -12.48091603053435 0.18115234375 0.060302734375 29 -13.16030534351145 0.05343511450381679 END
START -12.351145038167939 0.218505859375 0.041259765625 30 -13.82442748091603 3.2519083969465647 END
START -11.366412213740459 0.22265625 -0.035400390625 31 -13.770992366412214 2.984732824427481 END
START -9.625954198473282 0.269775390625 -0.124755859375 32 -12.045801526717558 1.8473282442748091 END
START -8.106870229007633 0.316650390625 -0.13037109375 33 -10.572519083969466 1.9923664122137406 END
START -7.114503816793893 0.322998046875 -0.1533203125 34 -10.854961832061068 3.1603053435114505 END
START -6.709923664122138 0.295166015625 -0.1533203125 35 -9.954198473282442 3.854961832061069 END
START -5.5038167938931295 0.300048828125 -0.1318359375 36 -9.725190839694656 3.5419847328244276 END
START -5.32824427480916 0.3076171875 -0.12353515625 37 -9.129770992366412 4.5038167938931295 END
START -5.175572519083969 0.31396484375 -0.133056640625 38 -7.824427480916031 6.824427480916031 END
START -3.946564885496183 0.3369140625 -0.2099609375 39 -9.961832061068701 7.641221374045801 END
START -2.3969465648854964 0.339599609375 -0.2646484375 40 -8.068702290076336 7.541984732824427 END
START -1.099236641221374 0.351806640625 -0.277587890625 41 -7.4961832061068705 7.625954198473282 END
START 0.3435114503816794 0.359130859375 -0.296630859375 42 -7.122137404580153 8.068702290076336 END
START 1.2900763358778626 0.315185546875 -0.290283203125 43 -6.458015267175573 8.274809160305344 END
START 1.4885496183206106 0.285888671875 -0.236328125 44 -5.076335877862595 8.870229007633588 END
START 1.4122137404580153 0.2548828125 -0.19775390625 45 -5.0458015267175576 7.809160305343512 END
START 2.381679389312977 0.222900390625 -0.245849609375 46 -2.5267175572519083 6.076335877862595 END
START 3.5343511450381677 0.2158203125 -0.2646484375 47 -0.183206106870229 5.465648854961832 END
START 2.5572519083969465 0.18115234375 -0.15966796875 48 1.748091603053435 4.8320610687022905 END
START 1.297709923664122 0.159423828125 -0.1123046875 49 1.4809160305343512 2.732824427480916 END
START 1.1221374045801527 0.16943359375 -0.155029296875 50 2.1374045801526718 2.49618320610687 END
START 0.015267175572519083 0.203125 -0.18310546875 51 4.488549618320611 3.8702290076335877 END
START 3.3969465648854964 0.25390625 -0.205078125 52 5.282442748091603 1.0687022900763359 END
START 4.99236641221374 0.28173828125 -0.20556640625 53 6.709923664122138 0.8320610687022901 END
START 3.969465648854962 0.30322265625 -0.161376953125 54 7.633587786259542 2.213740458015267 END
START 5.923664122137405 0.29443359375 -0.086181640625 55 7.900763358778626 2.50381679389313 END
START 5.732824427480916 0.270751953125 -0.030029296875 56 7.473282442748092 3.549618320610687 END
START 4.885496183206107 0.237060546875 0.003173828125 57 7.068702290076335 4.305343511450381 END
START 5.0534351145038165 0.243896484375 0.007080078125 58 6.702290076335878 4.458015267175573 END
START 5.809160305343512 0.243896484375 -0.0458984375 59 6.030534351145038 5.435114503816794 END
START 7.1679389312977095 0.255126953125 -0.041748046875 60 8.259541984732824 5.183206106870229 END
START 8.053435114503817 0.21630859375 -0.02001953125 61 8.67175572519084 5.244274809160306 END
START 7.854961832061068 0.162353515625 0.070068359375 62 8.305343511450381 3.3282442748091605 END
START 6.251908396946565 0.100341796875 0.147705078125 63 8.213740458015268 2.0 END
START 4.534351145038168 0.06591796875 0.203857421875 64 6.511450381679389 1.381679389312977 END
START 5.809160305343512 0.06005859375 0.175537109375 65 5.702290076335878 0.8091603053435115 END
START 3.122137404580153 0.05615234375 0.17724609375 66 5.679389312977099 -0.6335877862595419 END
START 3.83206106870229 0.056640625 0.213623046875 67 4.778625954198473 -1.0763358778625953 END
START 0.366412213740458 0.076904296875 0.2333984375 68 2.717557251908397 -0.8015267175572519 END
START -0.32061068702290074 0.081298828125 0.199951171875 69 0.8473282442748091 -1.2061068702290076 END
START -0.2900763358778626 0.11767578125 0.1240234375 70 0.3969465648854962 -1.6106870229007633 END
START -0.40458015267175573 0.152587890625 0.083740234375 71 -0.37404580152671757 -2.0229007633587788 END
START -0.33587786259541985 0.174072265625 0.070556640625 72 -0.9694656488549618 -1.9465648854961832 END
START -0.2824427480916031 0.1845703125 0.03759765625 73 -1.2748091603053435 -1.618320610687023 END
START -0.44274809160305345 0.1923828125 0.03857421875 74 -1.7633587786259541 -1.3206106870229009 END
START -0.7404580152671756 0.2001953125 0.021484375 75 -2.267175572519084 -0.9236641221374046 END
START -0.46564885496183206 0.213134765625 -0.00732421875 76 -2.5572519083969465 -0.7862595419847328 END
START -0.26717557251908397 0.2177734375 -0.03955078125 77 -2.2442748091603053 -0.5114503816793893 END
START -0.3969465648854962 0.2158203125 -0.037109375 78 -2.6030534351145036 -0.4351145038167939 END
START -0.030534351145038167 0.216552734375 -0.0732421875 79 -2.4656488549618323 -0.29770992366412213 END
START 0.31297709923664124 0.218505859375 -0.089599609375 80 -2.0839694656488548 -0.06870229007633588 END
START 0.48091603053435117 0.211181640625 -0.0810546875 81 -1.984732824427481 -0.06870229007633588 END
START 0.6870229007633588 0.198974609375 -0.08935546875 82 -1.6488549618320612 0.007633587786259542 END
START 0.8396946564885496 0.1943359375 -0.08837890625 83 -1.3893129770992367 -0.05343511450381679 END
START 0.6183206106870229 0.18212890625 -0.071533203125 84 -1.1526717557251909 -0.06870229007633588 END
START 0.45038167938931295 0.168701171875 -0.064208984375 85 -0.9465648854961832 0.22900763358778625 END
START -0.31297709923664124 0.16357421875 -0.048828125 86 -0.9923664122137404 0.29770992366412213 END
START -0.3282442748091603 0.149658203125 -0.068359375 87 -0.6717557251908397 0.007633587786259542 END
START -0.16793893129770993 0.166748046875 -0.08544921875 88 -1.9312977099236641 -0.8702290076335878 END
START -0.4198473282442748 0.168212890625 -0.07568359375 89 0.4961832061068702 -0.9923664122137404 END
START -0.40458015267175573 0.202880859375 -0.071533203125 90 1.0381679389312977 -0.5419847328244275 END
START -0.07633587786259542 0.212890625 -0.064697265625 91 1.1374045801526718 0.015267175572519083 END
START 0.2595419847328244 0.22412109375 -0.052734375 92 1.5572519083969465 0.3053435114503817 END
START 0.4198473282442748 0.213623046875 -0.029296875 93 1.4122137404580153 1.213740458015267 END
START 0.46564885496183206 0.188720703125 -0.0087890625 94 1.2213740458015268 1.0076335877862594 END
START 0.5954198473282443 0.177001953125 0.00390625 95 0.8549618320610687 0.11450381679389313 END
START 0.33587786259541985 0.16015625 0.02685546875 96 0.5954198473282443 -0.183206106870229 END
START 1.9312977099236641 0.159423828125 0.031494140625 97 0.3435114503816794 -0.45038167938931295 END
START -0.1450381679389313 0.171875 0.0205078125 98 0.030534351145038167 -0.4732824427480916 END
START -0.17557251908396945 0.174560546875 0.015869140625 99 -0.48854961832061067 -0.5419847328244275 END
START -0.2366412213740458 0.192626953125 0.00390625 100 -0.9312977099236641 -0.3511450381679389 END
START 0.09923664122137404 0.20849609375 -0.0283203125 101 -0.6946564885496184 -0.05343511450381679 END
START 0.2366412213740458 0.20703125 -0.037353515625 102 -0.6793893129770993 0.19083969465648856 END
START 0.3893129770992366 0.20458984375 -0.0341796875 103 -0.8015267175572519 0.26717557251908397 END
START 0.3282442748091603 0.1875 -0.036376953125 104 -0.6183206106870229 0.030534351145038167 END
START 0.22137404580152673 0.18017578125 -0.039794921875 105 -0.3435114503816794 0.03816793893129771 END
START 0.05343511450381679 0.186279296875 -0.0361328125 106 -0.08396946564885496 -0.3435114503816794 END
START 0.022900763358778626 0.177978515625 -0.033203125 107 -0.04580152671755725 -0.6946564885496184 END
START -0.2595419847328244 0.17822265625 -0.028076171875 108 0.05343511450381679 -0.03816793893129771 END
START 0.10687022900763359 0.19580078125 -0.043701171875 109 0.4198473282442748 -0.20610687022900764 END
START -0.07633587786259542 0.20654296875 -0.043212890625 110 0.5877862595419847 0.366412213740458 END
START 0.0 0.213623046875 -0.0224609375 111 0.16793893129770993 1.213740458015267 END
START 0.12213740458015267 0.20703125 -0.016845703125 112 1.9083969465648856 1.0076335877862594 END
START 0.26717557251908397 0.18603515625 -0.0009765625 113 -0.16793893129770993 0.44274809160305345 END
START 0.13740458015267176 0.16845703125 -0.010009765625 114 -0.20610687022900764 -0.20610687022900764 END
START -0.07633587786259542 0.168701171875 -0.005615234375 115 -0.1984732824427481 -0.6259541984732825 END
START 1.9312977099236641 0.1669921875 -0.020263671875 116 0.32061068702290074 -1.0763358778625953 END
START 0.0 0.19140625 -0.02978515625 117 0.24427480916030533 -0.648854961832061 END
START -0.12213740458015267 0.197509765625 -0.000244140625 118 0.030534351145038167 -0.06870229007633588 END
START 0.2366412213740458 0.2197265625 -0.02880859375 119 -0.061068702290076333 0.48091603053435117 END
START 0.33587786259541985 0.210205078125 -0.024658203125 120 -0.35877862595419846 0.9770992366412213 END
START 0.25190839694656486 0.201904296875 -0.018310546875 121 -0.6259541984732825 0.7251908396946565 END
START 0.022900763358778626 0.180419921875 -0.01953125 122 -0.5114503816793893 0.46564885496183206 END
START -0.0916030534351145 0.157958984375 -0.03076171875 123 -0.2748091603053435 -0.12213740458015267 END
START 0.1984732824427481 0.167724609375 -0.031005859375 124 -0.0916030534351145 -0.7480916030534351 END
START 0.022900763358778626 0.179931640625 -0.02392578125 125 -0.05343511450381679 -0.6106870229007634 END
START 0.2748091603053435 0.1982421875 -0.041259765625 126 0.32061068702290074 -0.7557251908396947 END
START 0.3969465648854962 0.211181640625 -0.03515625 127 0.32061068702290074 -0.19083969465648856 END