START 2.2442748091603053 0.186767578125 -0.0029296875 2 2.5114503816793894 -1.984732824427481 END
START 2.0229007633587788 0.185302734375 0.000732421875 3 3.015267175572519 -4.190839694656488 END
START 1.0687022900763359 0.166015625 0.060791015625 4 2.687022900763359 -4.427480916030534 END
START 0.3893129770992366 0.14208984375 0.076416015625 5 1.717557251908397 -5.0534351145038165 END
START 0.5572519083969466 0.1474609375 0.028564453125 6 1.8091603053435115 -6.511450381679389 END
START 0.48854961832061067 0.150390625 0.0283203125 7 2.1908396946564888 -6.931297709923665 END
START -0.3893129770992366 0.148193359375 0.072998046875 8 1.0305343511450382 -6.801526717557252 END
START -1.1450381679389312 0.155029296875 0.078857421875 9 0.8778625954198473 -6.885496183206107 END
START -1.6641221374045803 0.16064453125 0.064208984375 10 0.44274809160305345 -6.877862595419847 END
START -2.1755725190839694 0.19775390625 0.05712890625 11 1.8931297709923665 -6.412213740458015 END
START -2.9083969465648853 0.1982421875 0.080322265625 12 -0.9007633587786259 -6.244274809160306 END
START -2.0763358778625953 0.173583984375 0.13427734375 13 -1.1145038167938932 -6.572519083969466 END
START -5.3893129770992365 0.194580078125 0.135498046875 14 -2.404580152671756 -5.458015267175573 END
START -7.564885496183206 0.18896484375 0.15185546875 15 -2.954198473282443 -3.5419847328244276 END
START -7.488549618320611 0.242919921875 0.104248046875 16 -7.251908396946565 -1.8778625954198473 END
START -8.15267175572519 0.247802734375 0.124267578125 17 -6.1679389312977095 -2.6793893129770994 END
START -7.732824427480916 0.251953125 0.05615234375 18 -7.816793893129771 -1.4274809160305344 END
START -7.702290076335878 0.286376953125 0.001708984375 19 -8.19083969465649 0.9694656488549618 END
START -7.641221374045801 0.259033203125 0.0302734375 20 -9.381679389312977 0.6412213740458015 END
START -7.519083969465649 0.21826171875 0.03076171875 21 -8.427480916030534 0.1450381679389313 END
START -7.770992366412214 0.19140625 0.022216796875 22 -8.610687022900763 0.5572519083969466 END
START -7.870229007633588 0.195556640625 0.03759765625 23 -8.15267175572519 1.1603053435114503 END
START -7.625954198473282 0.177734375 0.00048828125 24 -8.122137404580153 2.0229007633587788 END
START -7.259541984732825 0.1787109375 -0.01806640625 25 -8.404580152671755 1.0916030534351144 END
START -7.038167938931298 0.17431640625 -0.016845703125 26 -7.412213740458015 0.7938931297709924 END
START -7.351145038167939 0.178955078125 0.002197265625 27 -7.778625954198473 1.2671755725190839 END
START -7.404580152671755 0.201416015625 -0.01416015625 28 -8.389312977099237 1.5801526717557253 END
START -6.938931297709924 0.218994140625 -0.0634765625 29 -8.251908396946565 2.312977099236641 END
START -6.290076335877862 0.259033203125 -0.10205078125 30 -8.49618320610687 2.2213740458015265 END
START -5.183206106870229 0.291259765625 -0.153564453125 31 -7.916030534351145 2.0763358778625953 END
START -3.9083969465648853 0.325439453125 -0.186279296875 32 -7.259541984732825 2.2748091603053435 END
START -2.49618320610687 0.343994140625 -0.2158203125 33 -6.824427480916031 3.3740458015267176 END
START -1.16793893129771 0.36865234375 -0.2314453125 34 -6.0534351145038165 4.9541984732824424 END
START -0.09923664122137404 0.35888671875 -0.2099609375 35 -5.709923664122138 6.480916030534351 END
START 1.1221374045801527 0.3720703125 -0.22412109375 36 -4.374045801526718 7.595419847328245 END
START 2.2290076335877864 0.343505859375 -0.221923828125 37 -3.8625954198473282 8.900763358778626 END
START 2.9160305343511452 0.337890625 -0.21533203125 38 -2.9770992366412212 10.511450381679388 END
START 4.458015267175573 0.33349609375 -0.242919921875 39 -2.5801526717557253 11.664122137404581 END
START 5.977099236641221 0.32470703125 -0.241455078125 40 -3.7022900763358777 13.076335877862595 END
START 5.213740458015267 0.25341796875 -0.150634765625 41 -1.0458015267175573 12.229007633587786 END
START 4.641221374045801 0.193359375 -0.13525390625 42 -1.534351145038168 9.068702290076336 END
START 4.5038167938931295 0.18359375 -0.1572265625 43 0.6641221374045801 6.587786259541985 END
START 4.33587786259542 0.1796875 -0.170654296875 44 2.427480916030534 4.847328244274809 END
START 4.038167938931298 0.14990234375 -0.1484375 45 4.4961832061068705 4.351145038167939 END
START 2.648854961832061 0.145263671875 -0.098388671875 46 4.8396946564885495 3.8091603053435112 END
START 2.480916030534351 0.16748046875 -0.107177734375 47 5.8396946564885495 1.9923664122137406 END
START 3.0916030534351147 0.213623046875 -0.170654296875 48 7.419847328244275 1.916030534351145 END
START 4.015267175572519 0.240478515625 -0.16748046875 49 8.534351145038167 1.16793893129771 END
START 4.770992366412214 0.25 -0.13720703125 50 10.17557251908397 0.816793893129771 END
START 5.00763358778626 0.233154296875 -0.0888671875 51 10.099236641221374 0.08396946564885496 END
START 4.786259541984733 0.239501953125 -0.016845703125 52 9.419847328244275 2.633587786259542 END
START 5.152671755725191 0.219482421875 -0.01806640625 53 9.206106870229007 0.6030534351145038 END
START 5.778625954198473 0.23583984375 -0.00927734375 54 11.106870229007633 -0.29770992366412213 END
START 6.0 0.21923828125 0.012939453125 55 10.50381679389313 0.8320610687022901 END
START 5.740458015267175 0.22509765625 0.065185546875 56 9.84732824427481 2.0 END
START 5.183206106870229 0.206298828125 0.10888671875 57 9.045801526717558 1.7633587786259541 END
START 4.984732824427481 0.201904296875 0.119873046875 58 8.786259541984732 0.09923664122137404 END
START 4.526717557251908 0.201416015625 0.139892578125 59 9.358778625954198 0.5267175572519084 END
START 3.4198473282442747 0.16259765625 0.2177734375 60 7.2748091603053435 1.4198473282442747 END
START 2.1297709923664123 0.11572265625 0.2275390625 61 4.32824427480916 1.297709923664122 END
START 1.366412213740458 0.098388671875 0.21875 62 3.0 0.3053435114503817 END
START 0.6030534351145038 0.099853515625 0.21142578125 63 1.0458015267175573 -0.2366412213740458 END
START -0.12213740458015267 0.100341796875 0.188232421875 64 -1.4580152671755726 -0.7022900763358778 END
START -0.2595419847328244 0.121826171875 0.13720703125 65 -2.9160305343511452 -1.099236641221374 END
START -0.015267175572519083 0.122314453125 0.09326171875 66 -3.5801526717557253 -2.282442748091603 END
START 0.2748091603053435 0.123779296875 0.05712890625 67 -3.2442748091603053 -2.9923664122137406 END
START -0.22137404580152673 0.1181640625 0.072998046875 68 -3.2061068702290076 -3.49618320610687 END
START -0.7175572519083969 0.118408203125 0.06591796875 69 -3.068702290076336 -3.2519083969465647 END
START -0.8549618320610687 0.130615234375 0.021484375 70 -2.6259541984732824 -2.8625954198473282 END
START -0.5038167938931297 0.1806640625 -0.001953125 71 -2.1297709923664123 -2.450381679389313 END
START -0.21374045801526717 0.211181640625 -0.0361328125 72 -1.9618320610687023 -1.9694656488549618 END
START 0.04580152671755725 0.224853515625 -0.044189453125 73 -1.7633587786259541 -1.3969465648854962 END
START 0.4122137404580153 0.234375 -0.059326171875 74 -1.717557251908397 -1.9236641221374047 END
START 0.8778625954198473 0.234375 -0.071533203125 75 -2.4580152671755724 1.1450381679389312 END
START 0.6793893129770993 0.221923828125 -0.0732421875 76 -2.16793893129771 2.114503816793893 END
START 0.6641221374045801 0.177734375 -0.087158203125 77 -1.7633587786259541 1.0916030534351144 END
START 0.35877862595419846 0.150146484375 -0.07958984375 78 -1.2442748091603053 0.03816793893129771 END
START -0.2595419847328244 0.127685546875 -0.0615234375 79 -0.6183206106870229 -0.6793893129770993 END
START -0.7862595419847328 0.126953125 -0.060791015625 80 0.7862595419847328 -0.4351145038167939 END
START -0.6641221374045801 0.157470703125 -0.071044921875 81 1.2366412213740459 -0.4351145038167939 END
START -0.3969465648854962 0.201416015625 -0.0556640625 82 0.6717557251908397 -0.5114503816793893 END
START 0.44274809160305345 0.2490234375 -0.08349609375 83 1.702290076335878 0.183206106870229 END
START 0.5114503816793893 0.2353515625 -0.021728515625 84 1.1755725190839694 1.5801526717557253 END
START 0.6870229007633588 0.231201171875 -0.00146484375 85 0.8778625954198473 1.3511450381679388 END
START 0.8015267175572519 0.201904296875 0.01513671875 86 0.4961832061068702 0.8244274809160306 END
START 0.8091603053435115 0.16455078125 0.021240234375 87 0.2366412213740458 -0.25190839694656486 END
START 0.4198473282442748 0.152587890625 0.03662109375 88 1.9312977099236641 -0.48854961832061067 END
START 0.32061068702290074 0.1435546875 0.018798828125 89 -0.5038167938931297 -0.8931297709923665 END
START -0.26717557251908397 0.16357421875 0.027099609375 90 -0.5114503816793893 -0.4122137404580153 END
START -0.09923664122137404 0.201416015625 0.01220703125 91 -0.8854961832061069 0.07633587786259542 END
START 0.19083969465648856 0.21826171875 -0.030517578125 92 -0.9236641221374046 0.3969465648854962 END
START 0.015267175572519083 0.20849609375 -0.022705078125 93 -1.083969465648855 0.7557251908396947 END
START 0.1450381679389313 0.194091796875 -0.036376953125 94 -0.9312977099236641 0.5267175572519084 END
START 0.20610687022900764 0.1865234375 -0.032470703125 95 -0.5267175572519084 0.007633587786259542 END
START 0.05343511450381679 0.1748046875 -0.038330078125 96 -0.21374045801526717 -0.31297709923664124 END
START -0.06870229007633588 0.174072265625 -0.04443359375 97 0.12213740458015267 -0.5954198473282443 END
START 0.2366412213740458 0.1796875 -0.043212890625 98 0.1297709923664122 -0.9083969465648855 END
START 0.1297709923664122 0.19384765625 -0.059814453125 99 0.3816793893129771 -0.24427480916030533 END
START 0.25190839694656486 0.197509765625 -0.0400390625 100 1.1068702290076335 -0.22900763358778625 END
START -0.015267175572519083 0.21826171875 -0.02783203125 101 0.5267175572519084 0.7175572519083969 END
START 0.13740458015267176 0.2109375 -0.0234375 102 0.29770992366412213 0.6183206106870229 END
START 0.05343511450381679 0.198974609375 -0.029052734375 103 -0.21374045801526717 0.7633587786259542 END
START 0.24427480916030533 0.180419921875 -0.013916015625 104 -0.03816793893129771 0.030534351145038167 END
START -1.9389312977099236 0.176513671875 -0.001708984375 105 -0.20610687022900764 -0.05343511450381679 END
START 0.32061068702290074 0.17529296875 -0.00341796875 106 0.0916030534351145 -0.26717557251908397 END
START -0.04580152671755725 0.156982421875 0.01220703125 107 -0.4580152671755725 0.2748091603053435 END
START 0.3282442748091603 0.182861328125 -0.016357421875 108 0.5114503816793893 -0.4122137404580153 END
START 0.13740458015267176 0.190673828125 -0.0087890625 109 -0.16030534351145037 0.22900763358778625 END
START 0.007633587786259542 0.196044921875 -0.030517578125 110 -0.2595419847328244 0.1450381679389313 END
START 0.10687022900763359 0.19873046875 -0.034912109375 111 -0.13740458015267176 0.32061068702290074 END
START 0.08396946564885496 0.1787109375 -0.02197265625 112 -0.3969465648854962 0.3435114503816794 END
START 0.2748091603053435 0.19677734375 -0.040283203125 113 -0.04580152671755725 0.37404580152671757 END
START 0.2366412213740458 0.191162109375 -0.02734375 114 -0.22137404580152673 0.24427480916030533 END
START 0.022900763358778626 0.173095703125 -0.021240234375 115 -0.20610687022900764 -0.04580152671755725 END
START 0.20610687022900764 0.178466796875 -0.037109375 116 0.21374045801526717 -0.5190839694656488 END
START 0.0 0.1826171875 -0.022216796875 117 0.25190839694656486 -0.2595419847328244 END
START 0.13740458015267176 0.186767578125 -0.029052734375 118 0.48091603053435117 -0.20610687022900764 END
START 0.16793893129770993 0.18798828125 -0.015380859375 119 0.35877862595419846 -0.1984732824427481 END