START 5.190839694656488 0.19140625 -0.023193359375 2 3.6030534351145036 -1.6564885496183206 END
START 4.8320610687022905 0.18408203125 -0.011474609375 3 2.83206106870229 -1.4122137404580153 END
START 5.0 0.190185546875 -0.030517578125 4 1.984732824427481 -2.0229007633587788 END
START 5.114503816793893 0.17822265625 -0.033447265625 5 4.458015267175573 -2.450381679389313 END
START 4.717557251908397 0.17822265625 -0.013671875 6 3.9389312977099236 -2.4885496183206106 END
START 4.885496183206107 0.171630859375 -0.018310546875 7 3.732824427480916 -3.49618320610687 END
START 4.893129770992366 0.154541015625 -0.019775390625 8 4.748091603053435 -4.557251908396947 END
START 4.534351145038168 0.145751953125 -0.004638671875 9 4.793893129770993 -5.259541984732825 END
START 4.473282442748092 0.135986328125 -0.00439453125 10 4.770992366412214 -6.0534351145038165 END
START 4.687022900763359 0.132568359375 -0.0146484375 11 5.32824427480916 -7.488549618320611 END
START 4.641221374045801 0.120849609375 -0.005126953125 12 6.267175572519084 -9.236641221374045 END
START 4.633587786259542 0.112548828125 0.023193359375 13 6.931297709923665 -11.061068702290076 END
START 4.0 0.0927734375 0.07666015625 14 7.6183206106870225 -12.305343511450381 END
START 2.6106870229007635 0.076904296875 0.14306640625 15 6.3893129770992365 -13.541984732824428 END
START 1.450381679389313 0.09130859375 0.169677734375 16 6.290076335877862 -15.427480916030534 END
START 0.183206106870229 0.1484375 0.189208984375 17 6.099236641221374 -15.67175572519084 END
START -1.9618320610687023 0.2431640625 0.22900390625 18 6.6183206106870225 -13.206106870229007 END
START -4.236641221374046 0.299072265625 0.238037109375 19 3.4198473282442747 -6.656488549618321 END
START -4.587786259541985 0.368408203125 0.17138671875 20 1.8854961832061068 -4.290076335877862 END
START -4.1679389312977095 0.39306640625 0.1142578125 21 -1.7099236641221374 -5.748091603053435 END
START -4.229007633587786 0.378173828125 0.11474609375 22 -4.0458015267175576 -3.5801526717557253 END
START -4.908396946564886 0.339599609375 0.157470703125 23 -7.419847328244275 0.0 END
START -3.984732824427481 0.266357421875 0.17724609375 24 -9.045801526717558 -0.2748091603053435 END
START -6.603053435114504 0.2255859375 0.166015625 25 -10.610687022900763 -1.0916030534351144 END
START -12.076335877862595 0.158447265625 0.2041015625 26 -8.709923664122137 -1.5419847328244274 END
START -9.404580152671755 0.21142578125 0.071533203125 27 -18.35114503816794 -1.251908396946565 END
START -7.770992366412214 0.22509765625 -0.073486328125 28 -8.900763358778626 -0.26717557251908397 END
START -8.274809160305344 0.138671875 0.077880859375 29 -11.030534351145038 -4.442748091603053 END
START -9.083969465648854 0.112060546875 0.100341796875 30 -8.595419847328245 -3.519083969465649 END
START -10.13740458015267 0.095947265625 0.128173828125 31 -10.251908396946565 -2.2900763358778624 END
START -10.251908396946565 0.137939453125 0.089111328125 32 -9.83206106870229 -1.5648854961832062 END
START -10.13740458015267 0.18505859375 0.045654296875 33 -9.67175572519084 -1.2213740458015268 END
START -9.83969465648855 0.225341796875 0.0078125 34 -10.282442748091603 -0.06870229007633588 END
START -9.053435114503817 0.2685546875 -0.04638671875 35 -10.49618320610687 0.4580152671755725 END
START -8.16030534351145 0.310546875 -0.078857421875 36 -10.045801526717558 0.7404580152671756 END
START -7.763358778625954 0.307373046875 -0.07177734375 37 -10.145038167938932 1.5877862595419847 END
START -7.343511450381679 0.339111328125 -0.07763671875 38 -10.251908396946565 2.66412213740458 END
START -5.877862595419847 0.352294921875 -0.14501953125 39 -10.450381679389313 3.404580152671756 END
START -4.885496183206107 0.3623046875 -0.197509765625 40 -8.98473282442748 4.32824427480916 END
START -3.0610687022900764 0.38330078125 -0.2236328125 41 -9.923664122137405 3.8625954198473282 END
START -1.4198473282442747 0.372314453125 -0.25537109375 42 -6.793893129770993 4.106870229007634 END
START -0.6335877862595419 0.3583984375 -0.22412109375 43 -6.931297709923665 5.0 END
START -0.25190839694656486 0.319580078125 -0.197021484375 44 -6.412213740458015 6.633587786259542 END
START 0.8702290076335878 0.291259765625 -0.2099609375 45 -3.9770992366412212 6.648854961832061 END
START 1.6717557251908397 0.292236328125 -0.229248046875 46 -4.2748091603053435 7.66412213740458 END
START 2.2519083969465647 0.298095703125 -0.225830078125 47 -3.6259541984732824 9.198473282442748 END
START 2.7251908396946565 0.2900390625 -0.215087890625 48 -3.0763358778625953 10.702290076335878 END
START 2.122137404580153 0.25146484375 -0.21923828125 49 -2.3969465648854964 11.114503816793894 END
START 5.816793893129771 0.277099609375 -0.264892578125 50 -1.3358778625954197 11.335877862595419 END
START 5.877862595419847 0.242919921875 -0.18359375 51 2.16793893129771 10.099236641221374 END
START 4.465648854961832 0.195556640625 -0.09765625 52 1.381679389312977 9.908396946564885 END
START 2.4732824427480917 0.19287109375 -0.052490234375 53 1.900763358778626 8.580152671755725 END
START 1.2671755725190839 0.142578125 -0.056640625 54 2.7022900763358777 4.038167938931298 END
START 1.4732824427480915 0.172119140625 -0.129638671875 55 5.068702290076335 1.4732824427480915 END
START 1.9236641221374047 0.218994140625 -0.143798828125 56 7.793893129770993 1.6641221374045803 END
START 2.4885496183206106 0.248291015625 -0.118896484375 57 5.473282442748092 1.7709923664122138 END
START 3.450381679389313 0.262451171875 -0.09423828125 58 6.129770992366412 1.0687022900763359 END
START 3.8396946564885495 0.25927734375 -0.050537109375 59 6.541984732824427 0.13740458015267176 END
START 4.083969465648855 0.261474609375 -0.00927734375 60 6.061068702290076 0.2824427480916031 END
START 5.854961832061068 0.254638671875 0.039794921875 61 4.824427480916031 0.6641221374045801 END
START 3.8625954198473282 0.246826171875 0.063720703125 62 4.244274809160306 0.9694656488549618 END
START 3.946564885496183 0.236572265625 0.060546875 63 4.129770992366412 1.3282442748091603 END
START 4.259541984732825 0.26025390625 0.06201171875 64 3.8244274809160306 1.6870229007633588 END
START 4.488549618320611 0.240966796875 0.034423828125 65 4.244274809160306 2.4122137404580153 END
START 4.748091603053435 0.2314453125 0.0537109375 66 3.7404580152671754 2.5343511450381677 END
START 5.549618320610687 0.2353515625 0.028564453125 67 4.931297709923665 2.7709923664122136 END
START 5.145038167938932 0.21533203125 0.044189453125 68 6.6183206106870225 3.351145038167939 END
START 5.259541984732825 0.200439453125 0.063720703125 69 4.809160305343512 3.312977099236641 END
START 3.7709923664122136 0.15234375 0.12939453125 70 4.877862595419847 1.1068702290076335 END
START 3.3893129770992365 0.120361328125 0.111328125 71 4.656488549618321 0.26717557251908397 END
START 2.7480916030534353 0.134521484375 0.100830078125 72 4.229007633587786 1.0076335877862594 END
START 3.8702290076335877 0.121337890625 0.1328125 73 2.549618320610687 0.6793893129770993 END
START 1.8091603053435115 0.112060546875 0.0986328125 74 1.900763358778626 -0.42748091603053434 END
START 1.7404580152671756 0.133056640625 0.069580078125 75 1.8854961832061068 -1.0458015267175573 END
START 1.3435114503816794 0.150390625 0.05322265625 76 0.8854961832061069 -0.6412213740458015 END
START 0.9389312977099237 0.14697265625 0.0654296875 77 -0.09923664122137404 -0.6564885496183206 END
START 0.6870229007633588 0.164794921875 0.057861328125 78 -0.2748091603053435 -0.7251908396946565 END
START 0.40458015267175573 0.176513671875 0.023193359375 79 -0.6870229007633588 -0.2900763358778626 END
START 0.1297709923664122 0.189208984375 0.003173828125 80 -1.534351145038168 0.16793893129770993 END
START 0.37404580152671757 0.207763671875 -0.0361328125 81 -1.6106870229007633 -0.07633587786259542 END
START 0.8625954198473282 0.21240234375 -0.077392578125 82 -1.1450381679389312 -0.25190839694656486 END
START 1.015267175572519 0.222412109375 -0.082763671875 83 -1.3740458015267176 -0.48854961832061067 END
START 1.3358778625954197 0.22314453125 -0.088623046875 84 -1.251908396946565 -0.6870229007633588 END
START 1.9083969465648856 0.23046875 -0.11328125 85 -0.732824427480916 -0.7251908396946565 END
START 1.9923664122137406 0.216064453125 -0.10546875 86 -0.09923664122137404 -0.4961832061068702 END
START 1.786259541984733 0.193359375 -0.072509765625 87 -0.40458015267175573 -0.4122137404580153 END
START 1.6106870229007633 0.18896484375 -0.077392578125 88 -0.16793893129770993 -0.12213740458015267 END
START 1.549618320610687 0.178466796875 -0.063232421875 89 0.06870229007633588 -0.40458015267175573 END
START 1.2671755725190839 0.16552734375 -0.03955078125 90 0.35877862595419846 -0.48854961832061067 END
START 0.4122137404580153 0.159912109375 -0.002685546875 91 1.7786259541984732 0.20610687022900764 END
START -0.26717557251908397 0.15380859375 -0.00146484375 92 -0.8549618320610687 0.9618320610687023 END
START -0.3969465648854962 0.162841796875 -0.029052734375 93 -1.0534351145038168 0.6717557251908397 END
START -0.05343511450381679 0.167724609375 -0.068115234375 94 -0.5190839694656488 0.35877862595419846 END
START 0.03816793893129771 0.173583984375 -0.064697265625 95 -0.19083969465648856 0.1297709923664122 END
START -0.10687022900763359 0.171142578125 -0.05078125 96 -0.05343511450381679 -0.26717557251908397 END
START -0.03816793893129771 0.181640625 -0.056884765625 97 0.45038167938931295 -0.4198473282442748 END
START 0.015267175572519083 0.199951171875 -0.054931640625 98 0.8396946564885496 -0.1984732824427481 END
START 0.07633587786259542 0.211669921875 -0.04248046875 99 1.2213740458015268 0.22900763358778625 END
START 0.22137404580152673 0.21923828125 -0.043701171875 100 1.3969465648854962 0.5267175572519084 END
START 0.4580152671755725 0.217041015625 -0.01708984375 101 1.0763358778625953 0.5877862595419847 END
START 0.6106870229007634 0.213134765625 0.000244140625 102 0.5038167938931297 0.366412213740458 END
START 0.7938931297709924 0.205810546875 0.003662109375 103 1.9083969465648856 0.3511450381679389 END
START 0.648854961832061 0.183349609375 0.01806640625 104 -0.3282442748091603 -0.03816793893129771 END
START 0.26717557251908397 0.17724609375 0.019775390625 105 -0.3893129770992366 -0.6717557251908397 END
START 0.015267175572519083 0.1767578125 0.01611328125 106 -0.17557251908396945 -0.4198473282442748 END
START 0.17557251908396945 0.1982421875 -0.010986328125 107 -0.5114503816793893 -0.4122137404580153 END
START 0.16030534351145037 0.2119140625 -0.022705078125 108 -0.37404580152671757 -0.08396946564885496 END
START 0.05343511450381679 0.215087890625 -0.02294921875 109 -0.4198473282442748 0.6793893129770993 END
START -0.03816793893129771 0.204345703125 -0.02734375 110 -0.22137404580152673 1.2671755725190839 END
START 0.2366412213740458 0.197998046875 -0.048095703125 111 -0.007633587786259542 0.7175572519083969 END
START 0.183206106870229 0.1865234375 -0.045166015625 112 -0.08396946564885496 0.22137404580152673 END
START 0.015267175572519083 0.185302734375 -0.041015625 113 0.007633587786259542 0.0 END
START 0.15267175572519084 0.182373046875 -0.037841796875 114 0.4122137404580153 -0.4122137404580153 END
START 0.1984732824427481 0.18994140625 -0.03662109375 115 0.5190839694656488 -0.5267175572519084 END
START -0.05343511450381679 0.18798828125 -0.021240234375 116 0.7938931297709924 -0.07633587786259542 END
START -0.1297709923664122 0.21484375 -0.0205078125 117 0.3282442748091603 0.6641221374045801 END
START 0.16030534351145037 0.214599609375 -0.0302734375 118 0.2824427480916031 1.2442748091603053 END
START 0.15267175572519084 0.19140625 -0.011962890625 119 0.16793893129770993 0.7709923664122137 END
START -0.16793893129770993 0.1796875 -0.01513671875 120 0.1297709923664122 0.48854961832061067 END
START 0.07633587786259542 0.18310546875 -0.014404296875 121 0.03816793893129771 -0.03816793893129771 END
START -0.13740458015267176 0.1962890625 -0.00634765625 122 -0.05343511450381679 -0.1984732824427481 END