START 8.86259541984733 0.262451171875 -0.216796875 2 4.648854961832061 -4.450381679389313 END
START 8.67175572519084 0.22021484375 -0.100830078125 3 7.251908396946565 -5.1679389312977095 END
START 8.16793893129771 0.18994140625 -0.090087890625 4 10.709923664122137 -6.679389312977099 END
START 7.4961832061068705 0.17578125 -0.02734375 5 9.51908396946565 -5.435114503816794 END
START 5.877862595419847 0.15771484375 0.0458984375 6 8.587786259541986 -8.114503816793894 END
START 4.320610687022901 0.18896484375 0.037353515625 7 9.717557251908397 -7.770992366412214 END
START 0.16030534351145037 0.161865234375 0.09375 8 5.198473282442748 -4.312977099236641 END
START -3.2442748091603053 0.1865234375 0.27978515625 9 -2.099236641221374 -4.038167938931298 END
START -5.145038167938932 0.211669921875 0.0703125 10 -1.5190839694656488 -7.786259541984733 END
START -7.862595419847328 0.189208984375 0.234130859375 11 -9.122137404580153 -2.595419847328244 END
START -10.83206106870229 0.145751953125 0.154296875 12 -8.84732824427481 -7.030534351145038 END
START -12.198473282442748 0.1591796875 0.11181640625 13 -12.114503816793894 -4.885496183206107 END
START -12.297709923664122 0.2158203125 0.056640625 14 -13.770992366412214 -5.183206106870229 END
START -10.16793893129771 0.23876953125 -0.04833984375 15 -12.65648854961832 -6.66412213740458 END
START -10.15267175572519 0.263916015625 -0.053466796875 16 -12.129770992366412 -4.5038167938931295 END
START -11.0 0.2587890625 -0.041015625 17 -11.541984732824428 -2.2748091603053435 END
START -11.198473282442748 0.26611328125 -0.04443359375 18 -12.16793893129771 -0.6641221374045801 END
START -10.664122137404581 0.308349609375 -0.067626953125 19 -11.511450381679388 1.465648854961832 END
START -10.702290076335878 0.3525390625 -0.071533203125 20 -13.038167938931299 4.267175572519084 END
START -8.442748091603054 0.371826171875 -0.162841796875 21 -12.48091603053435 4.465648854961832 END
START -4.931297709923665 0.41357421875 -0.238037109375 22 -10.748091603053435 5.908396946564886 END
START -0.8931297709923665 0.3935546875 -0.268310546875 23 -8.732824427480915 5.297709923664122 END
START 2.900763358778626 0.40673828125 -0.28564453125 24 -6.427480916030534 8.381679389312977 END
START 8.404580152671755 0.43505859375 -0.27685546875 25 -6.206106870229007 11.183206106870228 END
START 12.83206106870229 0.441162109375 -0.297607421875 26 -1.4045801526717556 12.305343511450381 END
START 15.198473282442748 0.48046875 -0.25732421875 27 1.2290076335877862 18.198473282442748 END
START 16.34351145038168 0.43798828125 -0.227294921875 28 4.961832061068702 21.709923664122137 END
START 15.740458015267176 0.352294921875 -0.1611328125 29 3.9389312977099236 21.404580152671755 END
START 11.244274809160306 0.18359375 -0.07177734375 30 8.732824427480915 15.297709923664122 END
START 10.564885496183207 0.046875 -0.0986328125 31 10.641221374045802 11.610687022900763 END
START 9.641221374045802 0.0244140625 -0.083984375 32 12.16030534351145 5.137404580152672 END
START 8.679389312977099 0.0703125 -0.066162109375 33 13.358778625954198 4.259541984732825 END
START 8.549618320610687 0.1455078125 -0.037841796875 34 14.282442748091603 5.32824427480916 END
START 6.099236641221374 0.132080078125 0.0576171875 35 13.16793893129771 4.374045801526718 END
START 5.076335877862595 0.112548828125 0.086181640625 36 10.557251908396946 3.4122137404580153 END
START 3.068702290076336 0.1240234375 0.11767578125 37 8.34351145038168 3.7099236641221376 END
START 1.7328244274809161 0.093994140625 0.114013671875 38 3.9923664122137406 2.1603053435114505 END
START 0.08396946564885496 0.104736328125 0.058349609375 39 0.9847328244274809 -1.1374045801526718 END
START 2.1603053435114505 0.078857421875 0.020751953125 40 -0.6641221374045801 -4.038167938931298 END
START 1.0610687022900764 0.053955078125 0.02734375 41 -1.0381679389312977 -5.8320610687022905 END
START 1.3740458015267176 0.064208984375 -0.023193359375 42 -1.3053435114503817 -9.67175572519084 END
START 1.916030534351145 0.146728515625 -0.090576171875 43 -1.9541984732824427 -7.2748091603053435 END
START 2.435114503816794 0.21240234375 -0.107666015625 44 1.7938931297709924 -5.534351145038168 END
START 2.0381679389312977 0.237548828125 -0.094482421875 45 2.9770992366412212 -2.9923664122137406 END
START 1.2595419847328244 0.227294921875 -0.08984375 46 3.564885496183206 -1.1984732824427482 END
START -0.3893129770992366 0.1875 -0.0078125 47 3.7480916030534353 0.4198473282442748 END
START -0.8625954198473282 0.15625 -0.031494140625 48 0.7786259541984732 0.07633587786259542 END
START -1.0076335877862594 0.144287109375 -0.03759765625 49 1.8931297709923665 0.19083969465648856 END
START -1.6564885496183206 0.139892578125 -0.030517578125 50 -0.183206106870229 -1.3129770992366412 END
START -0.015267175572519083 0.119873046875 -0.015869140625 51 -0.12213740458015267 -1.816793893129771 END
START -1.4427480916030535 0.168212890625 -0.0390625 52 0.11450381679389313 -3.8931297709923665 END
START -1.2900763358778626 0.211181640625 -0.03466796875 53 0.06870229007633588 -0.8778625954198473 END
START -0.6564885496183206 0.20849609375 -0.0341796875 54 -0.3435114503816794 -0.09923664122137404 END
START -0.48854961832061067 0.22021484375 -0.03076171875 55 -0.8702290076335878 0.6870229007633588 END
START -0.3053435114503817 0.21484375 -0.037841796875 56 -1.4198473282442747 1.297709923664122 END
START -0.40458015267175573 0.182373046875 -0.02490234375 57 -1.9770992366412214 0.32061068702290074 END
START -0.183206106870229 0.1767578125 -0.050048828125 58 -2.099236641221374 -1.0 END
START 1.900763358778626 0.163818359375 -0.071533203125 59 -0.8854961832061069 -1.748091603053435 END
START -0.3816793893129771 0.164306640625 -0.03173828125 60 -0.6259541984732825 -1.6488549618320612 END
START -0.7709923664122137 0.174560546875 -0.03955078125 61 -0.4732824427480916 -1.251908396946565 END
START -0.4732824427480916 0.195556640625 -0.0458984375 62 -0.6641221374045801 -0.32061068702290074 END
START -0.6259541984732825 0.2158203125 -0.044677734375 63 -0.22137404580152673 0.8931297709923665 END
START -0.21374045801526717 0.203857421875 -0.0625 64 -0.17557251908396945 1.4045801526717556 END
START -0.12213740458015267 0.190185546875 -0.058837890625 65 -0.32061068702290074 0.9923664122137404 END
START -0.40458015267175573 0.176513671875 -0.06201171875 66 0.3816793893129771 1.0458015267175573 END
START 0.08396946564885496 0.174560546875 -0.06103515625 67 0.5038167938931297 -0.44274809160305345 END
START -0.4198473282442748 0.157470703125 -0.032470703125 68 0.09923664122137404 -0.4198473282442748 END
START -0.26717557251908397 0.17724609375 -0.052978515625 69 0.21374045801526717 -0.7709923664122137 END
START -0.5725190839694656 0.187744140625 -0.03369140625 70 0.022900763358778626 -0.31297709923664124 END
START -0.5267175572519084 0.19775390625 -0.03515625 71 -0.4122137404580153 0.22137404580152673 END
START -0.022900763358778626 0.19873046875 -0.046875 72 -0.6335877862595419 0.2824427480916031 END
START 0.007633587786259542 0.1884765625 -0.045166015625 73 -0.8320610687022901 0.5114503816793893 END
START 0.366412213740458 0.191162109375 -0.058837890625 74 -0.19083969465648856 0.5572519083969466 END
START 0.2900763358778626 0.174560546875 -0.0400390625 75 -0.35877862595419846 0.16030534351145037 END
START 0.24427480916030533 0.167724609375 -0.0478515625 76 0.3282442748091603 0.08396946564885496 END
START 0.13740458015267176 0.18115234375 -0.041015625 77 0.33587786259541985 -0.6335877862595419 END
START -0.10687022900763359 0.17724609375 -0.04052734375 78 0.29770992366412213 -0.4580152671755725 END
START -0.17557251908396945 0.190673828125 -0.051025390625 79 0.648854961832061 -0.12213740458015267 END
START -0.3053435114503817 0.1962890625 -0.036865234375 80 -0.09923664122137404 0.4198473282442748 END
START -0.03816793893129771 0.20166015625 -0.0341796875 81 -0.16030534351145037 0.48091603053435117 END
START 0.10687022900763359 0.19189453125 -0.054443359375 82 -0.3282442748091603 0.3969465648854962 END
START 0.16030534351145037 0.18212890625 -0.0419921875 83 -0.5877862595419847 0.12213740458015267 END
START 0.2824427480916031 0.15673828125 -0.031982421875 84 -0.6259541984732825 -0.48091603053435117 END
START 0.12213740458015267 0.165283203125 -0.06005859375 85 -0.07633587786259542 -0.4580152671755725 END
START 0.4732824427480916 0.174560546875 -0.0322265625 86 -1.8931297709923665 -0.6870229007633588 END
START 0.25190839694656486 0.199951171875 -0.037353515625 87 0.015267175572519083 0.29770992366412213 END
START 0.2366412213740458 0.196044921875 -0.0615234375 88 0.32061068702290074 0.46564885496183206 END
START 0.3053435114503817 0.19970703125 -0.044921875 89 -0.17557251908396945 0.9694656488549618 END
START 0.17557251908396945 0.19287109375 -0.040283203125 90 -0.3435114503816794 0.9389312977099237 END
START 0.09923664122137404 0.1787109375 -0.0439453125 91 -0.22900763358778625 0.37404580152671757 END
START -0.11450381679389313 0.173583984375 -0.037109375 92 -0.3969465648854962 0.183206106870229 END
START 0.11450381679389313 0.172607421875 -0.047119140625 93 -0.3282442748091603 -0.3511450381679389 END
START 0.10687022900763359 0.181884765625 -0.056396484375 94 -0.20610687022900764 -0.4122137404580153 END
START 0.030534351145038167 0.181396484375 -0.0625 95 -0.183206106870229 -0.16030534351145037 END
START 0.1984732824427481 0.174560546875 -0.04931640625 96 0.15267175572519084 -0.2748091603053435 END