START 5.656488549618321 0.237060546875 -0.0869140625 2 2.7480916030534353 -0.26717557251908397 END
START 5.770992366412214 0.221435546875 -0.079833984375 3 1.7938931297709924 0.4351145038167939 END
START 6.717557251908397 0.217041015625 -0.096435546875 4 2.931297709923664 -2.564885496183206 END
START 7.488549618320611 0.19482421875 -0.114013671875 5 5.099236641221374 -4.091603053435114 END
START 7.412213740458015 0.21728515625 -0.096435546875 6 5.251908396946565 -2.8396946564885495 END
START 7.137404580152672 0.207763671875 -0.06787109375 7 4.374045801526718 -2.114503816793893 END
START 7.656488549618321 0.204345703125 -0.089599609375 8 5.557251908396947 -3.2595419847328246 END
START 8.16793893129771 0.208984375 -0.086669921875 9 7.030534351145038 -4.717557251908397 END
START 8.358778625954198 0.2021484375 -0.06298828125 10 7.175572519083969 -4.358778625954199 END
START 9.748091603053435 0.190185546875 -0.025390625 11 7.435114503816794 -3.3587786259541983 END
START 7.343511450381679 0.1787109375 -0.005126953125 12 6.4961832061068705 -3.816793893129771 END
START 7.534351145038168 0.18408203125 -0.04052734375 13 6.99236641221374 -5.786259541984733 END
START 8.16793893129771 0.177734375 -0.071044921875 14 8.099236641221374 -7.931297709923665 END
START 8.86259541984733 0.182861328125 -0.06787109375 15 9.076335877862595 -8.931297709923664 END
START 8.13740458015267 0.14599609375 -0.01513671875 16 9.564885496183207 -9.305343511450381 END
START 7.152671755725191 0.113037109375 0.058837890625 17 8.992366412213741 -10.786259541984732 END
START 7.297709923664122 0.108154296875 0.03466796875 18 9.404580152671755 -13.267175572519085 END
START 7.6183206106870225 0.1259765625 0.0107421875 19 11.587786259541986 -15.244274809160306 END
START 7.358778625954199 0.146240234375 0.05078125 20 11.34351145038168 -15.992366412213741 END
START 6.9465648854961835 0.1416015625 0.10546875 21 10.740458015267176 -17.572519083969464 END
START 6.7251908396946565 0.153564453125 0.15185546875 22 12.106870229007633 -17.709923664122137 END
START 4.793893129770993 0.18115234375 0.2529296875 23 12.122137404580153 -18.893129770992367 END
START 3.4427480916030535 0.19384765625 0.3759765625 24 9.885496183206106 -16.03053435114504 END
START -0.5801526717557252 0.220703125 0.464111328125 25 5.885496183206107 -13.564885496183207 END
START -5.778625954198473 0.274658203125 0.446044921875 26 0.4351145038167939 -6.854961832061068 END
START -7.015267175572519 0.355224609375 0.305908203125 27 -3.2442748091603053 -4.778625954198473 END
START -5.824427480916031 0.423583984375 0.13427734375 28 -4.938931297709924 -4.343511450381679 END
START -5.183206106870229 0.452392578125 0.077880859375 29 -6.259541984732825 -2.6946564885496183 END
START -5.587786259541985 0.415283203125 0.088134765625 30 -9.83969465648855 -1.618320610687023 END
START -9.320610687022901 0.2529296875 0.15185546875 31 -7.885496183206107 -1.8244274809160306 END
START -9.099236641221374 0.25634765625 0.1435546875 32 -16.03053435114504 -2.6564885496183206 END
START -8.755725190839694 0.2216796875 0.062744140625 33 -12.13740458015267 -2.931297709923664 END
START -9.86259541984733 0.171630859375 0.16064453125 34 -14.01526717557252 -4.419847328244275 END
START -11.335877862595419 0.13818359375 0.17724609375 35 -14.022900763358779 -3.1297709923664123 END
START -11.396946564885496 0.130859375 0.126220703125 36 -14.351145038167939 -3.6946564885496183 END
START -11.206106870229007 0.140869140625 0.092041015625 37 -12.977099236641221 -1.6106870229007633 END
START -11.290076335877863 0.134033203125 0.102783203125 38 -12.793893129770993 -1.282442748091603 END
START -12.229007633587786 0.146728515625 0.1123046875 39 -13.091603053435115 0.24427480916030533 END
START -13.068702290076336 0.1806640625 0.0859375 40 -14.076335877862595 1.2290076335877862 END
START -12.679389312977099 0.21142578125 0.025146484375 41 -13.67175572519084 1.8778625954198473 END
START -12.717557251908397 0.2578125 -0.00341796875 42 -13.145038167938932 2.9160305343511452 END
START -12.297709923664122 0.305419921875 -0.05517578125 43 -13.923664122137405 3.122137404580153 END
START -10.977099236641221 0.3427734375 -0.13232421875 44 -13.32824427480916 3.0763358778625953 END
START -9.748091603053435 0.370361328125 -0.160888671875 45 -12.534351145038167 3.6106870229007635 END
START -8.83206106870229 0.369873046875 -0.15771484375 46 -12.305343511450381 4.534351145038168 END
START -7.885496183206107 0.366943359375 -0.16015625 47 -12.32824427480916 4.9541984732824424 END
START -7.145038167938932 0.361572265625 -0.174560546875 48 -11.427480916030534 5.106870229007634 END
START -6.458015267175573 0.3447265625 -0.177001953125 49 -10.633587786259541 4.969465648854962 END
START -5.351145038167939 0.3671875 -0.21044921875 50 -9.770992366412214 5.740458015267175 END
START -4.022900763358779 0.376708984375 -0.221923828125 51 -8.687022900763358 6.290076335877862 END
START -2.6030534351145036 0.377685546875 -0.238525390625 52 -7.1603053435114505 7.66412213740458 END
START -1.702290076335878 0.3740234375 -0.2119140625 53 -7.786259541984733 7.312977099236641 END
START -0.6717557251908397 0.338134765625 -0.20703125 54 -6.526717557251908 6.7251908396946565 END
START -0.3435114503816794 0.322021484375 -0.189453125 55 -5.572519083969466 7.419847328244275 END
START -0.8625954198473282 0.308349609375 -0.187744140625 56 -4.99236641221374 8.885496183206106 END
START -0.030534351145038167 0.28173828125 -0.16064453125 57 -6.145038167938932 8.770992366412214 END
START 0.4961832061068702 0.275146484375 -0.19189453125 58 -5.312977099236641 8.15267175572519 END
START 1.1221374045801527 0.263916015625 -0.17578125 59 -2.3969465648854964 7.221374045801527 END
START 1.5725190839694656 0.25 -0.178466796875 60 -1.1603053435114503 6.6183206106870225 END
START 2.9618320610687023 0.263671875 -0.1943359375 61 -0.45038167938931295 7.778625954198473 END
START 4.534351145038168 0.25927734375 -0.22412109375 62 2.2061068702290076 4.885496183206107 END
START 5.099236641221374 0.263671875 -0.167724609375 63 3.900763358778626 4.122137404580153 END
START 5.9541984732824424 0.276611328125 -0.14794921875 64 5.236641221374046 5.419847328244275 END
START 6.312977099236641 0.266357421875 -0.12060546875 65 5.267175572519084 5.412213740458015 END
START 6.740458015267175 0.2822265625 -0.1171875 66 6.305343511450381 5.717557251908397 END
START 6.511450381679389 0.278076171875 -0.079345703125 67 7.030534351145038 5.763358778625954 END
START 5.732824427480916 0.248046875 -0.0263671875 68 7.748091603053435 4.961832061068702 END
START 5.748091603053435 0.22412109375 -0.04052734375 69 6.190839694656488 4.4961832061068705 END
START 5.625954198473282 0.216796875 -0.025390625 70 7.061068702290076 4.793893129770993 END
START 4.809160305343512 0.19921875 0.0224609375 71 6.33587786259542 4.564885496183206 END
START 4.022900763358779 0.193603515625 0.03759765625 72 6.00763358778626 4.870229007633588 END
START 3.267175572519084 0.1962890625 0.0556640625 73 4.648854961832061 5.480916030534351 END
START 2.717557251908397 0.20849609375 0.052490234375 74 3.763358778625954 5.198473282442748 END
START 2.564885496183206 0.197998046875 0.03369140625 75 3.3893129770992365 4.7251908396946565 END
START 2.5801526717557253 0.20263671875 0.02294921875 76 3.045801526717557 4.267175572519084 END
START 2.3740458015267176 0.164306640625 0.02587890625 77 2.33587786259542 4.099236641221374 END
START 2.8702290076335877 0.185546875 0.014404296875 78 2.572519083969466 2.816793893129771 END
START 2.854961832061069 0.166015625 0.01318359375 79 3.3740458015267176 2.5877862595419847 END
START 2.198473282442748 0.15185546875 0.068359375 80 2.1374045801526718 2.4198473282442747 END
START 1.9541984732824427 0.143310546875 0.05419921875 81 2.351145038167939 1.6030534351145038 END
START 1.8244274809160306 0.1572265625 0.033203125 82 2.8473282442748094 1.549618320610687 END
START 1.183206106870229 0.150390625 0.04931640625 83 3.8396946564885495 1.5190839694656488 END
START 1.1755725190839694 0.1630859375 0.03955078125 84 1.549618320610687 0.8625954198473282 END
START 1.3129770992366412 0.1904296875 0.009033203125 85 1.9770992366412214 0.9312977099236641 END
START 1.534351145038168 0.211669921875 -0.0224609375 86 1.4809160305343512 1.3893129770992367 END
START 1.5572519083969465 0.21435546875 -0.028076171875 87 1.3053435114503817 1.0916030534351144 END
START 1.748091603053435 0.20458984375 -0.02294921875 88 1.3282442748091603 0.9312977099236641 END
START 1.8091603053435115 0.196044921875 -0.01513671875 89 1.381679389312977 0.7709923664122137 END
START 1.5801526717557253 0.1923828125 -0.006591796875 90 1.1450381679389312 0.7633587786259542 END
START 1.381679389312977 0.1923828125 0.000244140625 91 0.7633587786259542 1.282442748091603 END
START 1.0381679389312977 0.189697265625 -0.00732421875 92 0.6717557251908397 2.3893129770992365 END
START 0.6717557251908397 0.18408203125 -0.00634765625 93 0.2366412213740458 2.969465648854962 END
START 0.5419847328244275 0.177001953125 -0.027587890625 94 -0.12213740458015267 2.3587786259541983 END
START 1.1221374045801527 0.186279296875 -0.078857421875 95 0.2900763358778626 2.030534351145038 END
START 1.083969465648855 0.171875 -0.06884765625 96 0.3435114503816794 1.6946564885496183 END
START 0.9847328244274809 0.157470703125 -0.044677734375 97 0.35877862595419846 0.8702290076335878 END
START 1.0 0.14208984375 -0.056396484375 98 0.8473282442748091 0.33587786259541985 END
START 0.6335877862595419 0.14111328125 -0.051513671875 99 1.213740458015267 0.24427480916030533 END
START 0.40458015267175573 0.1708984375 -0.050537109375 100 0.9923664122137404 0.11450381679389313 END
START 0.06870229007633588 0.1591796875 -0.044677734375 101 1.3587786259541985 -1.099236641221374 END
START 0.6335877862595419 0.197998046875 -0.0732421875 102 1.786259541984733 -1.16793893129771 END
START 0.9007633587786259 0.225830078125 -0.043701171875 103 1.0763358778625953 -0.8320610687022901 END
START 1.0687022900763359 0.230224609375 -0.046875 104 0.7557251908396947 -0.0916030534351145 END
START 0.8778625954198473 0.208984375 -0.00732421875 105 0.030534351145038167 0.8320610687022901 END
START 0.816793893129771 0.201904296875 0.00341796875 106 -0.4961832061068702 1.1908396946564885 END
START 0.7786259541984732 0.175537109375 -0.00048828125 107 -0.48091603053435117 0.7099236641221374 END
START 0.3435114503816794 0.154296875 0.00537109375 108 -0.5267175572519084 -0.29770992366412213 END
START 0.11450381679389313 0.1337890625 0.000732421875 109 -0.3435114503816794 -1.6412213740458015 END
START -0.15267175572519084 0.14794921875 -0.0078125 110 0.030534351145038167 -2.3053435114503817 END
START 0.32061068702290074 0.1904296875 -0.046630859375 111 0.4732824427480916 -1.5877862595419847 END
START 0.22137404580152673 0.24560546875 -0.0244140625 112 -0.2366412213740458 -1.8931297709923665 END
START 0.7938931297709924 0.25390625 -0.047607421875 113 -0.24427480916030533 0.7862595419847328 END
START 1.015267175572519 0.239501953125 -0.050048828125 114 -0.3435114503816794 1.5954198473282444 END
START 0.8778625954198473 0.19775390625 -0.023193359375 115 -0.5190839694656488 1.2366412213740459 END
START 0.33587786259541985 0.1640625 -0.01123046875 116 -0.7709923664122137 0.648854961832061 END
START 0.25190839694656486 0.150390625 -0.002685546875 117 -0.6030534351145038 -0.4351145038167939 END
START 0.0 0.15283203125 -0.02392578125 118 -0.366412213740458 -0.916030534351145 END
START -0.1297709923664122 0.169677734375 -0.0283203125 119 -1.9541984732824427 -1.549618320610687 END
START 0.19083969465648856 0.1865234375 -0.04541015625 120 0.48854961832061067 -1.3969465648854962 END
START 0.2900763358778626 0.204345703125 -0.0390625 121 0.5038167938931297 -0.16793893129770993 END
START 0.9007633587786259 0.2451171875 -0.052001953125 122 0.8015267175572519 0.3893129770992366 END
START 0.7709923664122137 0.228271484375 -0.024169921875 123 0.21374045801526717 1.3129770992366412 END
START 0.48854961832061067 0.205078125 -0.012451171875 124 -0.22900763358778625 1.3282442748091603 END
START 0.2748091603053435 0.18212890625 -0.012939453125 125 -0.6183206106870229 0.7022900763358778 END
START 0.061068702290076333 0.161376953125 -0.02490234375 126 -0.21374045801526717 -0.11450381679389313 END
START -0.29770992366412213 0.1572265625 -0.0009765625 127 -0.16030534351145037 -0.5190839694656488 END
START -0.5190839694656488 0.166259765625 -0.022705078125 128 0.030534351145038167 -0.7557251908396947 END
START -0.183206106870229 0.18701171875 -0.033203125 129 0.1984732824427481 -1.1221374045801527 END
START 0.16030534351145037 0.203857421875 -0.038818359375 130 0.3435114503816794 -0.6183206106870229 END
START 0.44274809160305345 0.238525390625 -0.05029296875 131 0.183206106870229 0.6412213740458015 END
START 0.5954198473282443 0.2265625 -0.036865234375 132 0.030534351145038167 1.0763358778625953 END