START 4.427480916030534 0.25634765625 -0.09619140625 2 1.549618320610687 -0.9618320610687023 END
START 5.595419847328245 0.251708984375 -0.109619140625 3 2.4427480916030535 -1.4427480916030535 END
START 6.083969465648855 0.26904296875 -0.1142578125 4 2.2748091603053435 -0.09923664122137404 END
START 7.267175572519084 0.280029296875 -0.1376953125 5 1.534351145038168 1.9465648854961832 END
START 8.129770992366412 0.241455078125 -0.11376953125 6 2.4198473282442747 -2.045801526717557 END
START 9.19083969465649 0.237548828125 -0.1474609375 7 4.022900763358779 -3.648854961832061 END
START 9.32824427480916 0.20556640625 -0.095703125 8 4.0458015267175576 -2.236641221374046 END
START 9.465648854961833 0.174072265625 -0.074462890625 9 4.67175572519084 -5.122137404580153 END
START 9.450381679389313 0.146240234375 -0.0341796875 10 6.343511450381679 -6.435114503816794 END
START 9.297709923664122 0.15234375 -0.032470703125 11 6.9465648854961835 -6.816793893129771 END
START 9.076335877862595 0.122314453125 -0.00830078125 12 7.519083969465649 -8.977099236641221 END
START 8.229007633587786 0.10693359375 0.0283203125 13 9.687022900763358 -10.099236641221374 END
START 6.679389312977099 0.086669921875 0.105224609375 14 9.274809160305344 -10.916030534351146 END
START 5.297709923664122 0.090087890625 0.13134765625 15 8.854961832061068 -11.465648854961833 END
START 3.984732824427481 0.068603515625 0.17041015625 16 8.755725190839694 -13.007633587786259 END
START 1.9694656488549618 0.078369140625 0.231689453125 17 8.511450381679388 -12.916030534351146 END
START -0.33587786259541985 0.111572265625 0.2626953125 18 7.297709923664122 -11.648854961832061 END
START -1.8625954198473282 0.15625 0.2177734375 19 3.267175572519084 -10.732824427480915 END
START -2.282442748091603 0.208984375 0.13623046875 20 2.0916030534351147 -11.511450381679388 END
START -1.4732824427480915 0.26806640625 0.06494140625 21 1.0534351145038168 -12.702290076335878 END
START -0.5267175572519084 0.318603515625 0.016845703125 22 1.9389312977099236 -12.221374045801527 END
START -1.6488549618320612 0.323486328125 0.114501953125 23 0.5801526717557252 -10.793893129770993 END
START -1.9618320610687023 0.27880859375 0.215087890625 24 -2.6030534351145036 -9.229007633587786 END
START -4.900763358778626 0.27490234375 0.2021484375 25 -4.8320610687022905 -8.80916030534351 END
START -5.358778625954199 0.2666015625 0.143798828125 26 -5.587786259541985 -10.32824427480916 END
START -5.198473282442748 0.288330078125 0.10595703125 27 -4.061068702290076 -9.48091603053435 END
START -6.977099236641221 0.270263671875 0.1787109375 28 -7.083969465648855 -6.122137404580153 END
START -9.938931297709924 0.227783203125 0.250244140625 29 -10.488549618320612 -4.251908396946565 END
START -11.305343511450381 0.23828125 0.201904296875 30 -13.358778625954198 -5.1679389312977095 END
START -10.610687022900763 0.30224609375 0.0595703125 31 -12.259541984732824 -5.015267175572519 END
START -10.045801526717558 0.327880859375 0.03076171875 32 -12.80916030534351 -5.587786259541985 END
START -7.824427480916031 0.3125 0.02734375 33 -12.732824427480915 -1.8625954198473282 END
START -9.778625954198473 0.242431640625 0.137451171875 34 -13.129770992366412 0.09923664122137404 END
START -13.992366412213741 0.176025390625 0.21826171875 35 -15.870229007633588 2.312977099236641 END
START -14.404580152671755 0.195556640625 0.111328125 36 -16.061068702290076 2.5343511450381677 END
START -14.16793893129771 0.230224609375 0.0517578125 37 -15.312977099236642 2.8244274809160306 END
START -13.893129770992367 0.256103515625 0.004638671875 38 -15.748091603053435 3.6106870229007635 END
START -12.84732824427481 0.270751953125 -0.047607421875 39 -16.389312977099237 2.854961832061069 END
START -12.358778625954198 0.267333984375 -0.080078125 40 -15.763358778625955 1.6946564885496183 END
START -11.977099236641221 0.262939453125 -0.09912109375 41 -16.022900763358777 0.32061068702290074 END
START -10.793893129770993 0.29052734375 -0.16650390625 42 -14.595419847328245 -1.5572519083969465 END
START -9.320610687022901 0.296142578125 -0.169189453125 43 -12.610687022900763 -2.50381679389313 END
START -9.404580152671755 0.28564453125 -0.095458984375 44 -12.595419847328245 -1.2061068702290076 END
START -9.84732824427481 0.279052734375 -0.068115234375 45 -14.213740458015268 0.1984732824427481 END
START -10.19083969465649 0.317626953125 -0.115234375 46 -12.549618320610687 1.9465648854961832 END
START -8.992366412213741 0.326904296875 -0.12353515625 47 -14.389312977099237 1.5877862595419847 END
START -8.17557251908397 0.353759765625 -0.20263671875 48 -12.48091603053435 3.1526717557251906 END
START -7.038167938931298 0.386474609375 -0.209716796875 49 -12.083969465648854 4.061068702290076 END
START -4.870229007633588 0.3828125 -0.2783203125 50 -10.229007633587786 4.99236641221374 END
START -3.2519083969465647 0.399658203125 -0.301025390625 51 -7.206106870229007 6.00763358778626 END
START -2.4198473282442747 0.38427734375 -0.272216796875 52 -6.603053435114504 6.977099236641221 END
START -1.3893129770992367 0.390869140625 -0.283935546875 53 -5.244274809160306 7.763358778625954 END
START 0.007633587786259542 0.384033203125 -0.281982421875 54 -5.625954198473282 8.389312977099237 END
START 1.6106870229007633 0.378662109375 -0.276123046875 55 -2.312977099236641 9.763358778625955 END
START 2.7709923664122136 0.376220703125 -0.23828125 56 -1.7099236641221374 10.473282442748092 END
START 5.1679389312977095 0.37548828125 -0.231689453125 57 -1.1068702290076335 9.908396946564885 END
START 6.511450381679389 0.341796875 -0.250244140625 58 0.6412213740458015 11.86259541984733 END
START 7.091603053435114 0.3193359375 -0.16748046875 59 1.8702290076335877 10.86259541984733 END
START 7.687022900763359 0.2734375 -0.16650390625 60 2.519083969465649 10.267175572519085 END
START 8.13740458015267 0.260498046875 -0.1572265625 61 4.458015267175573 10.030534351145038 END
START 7.526717557251908 0.238037109375 -0.118896484375 62 5.175572519083969 10.32824427480916 END
START 6.083969465648855 0.202392578125 -0.0517578125 63 4.9541984732824424 9.34351145038168 END
START 5.183206106870229 0.195068359375 -0.0595703125 64 5.6183206106870225 7.900763358778626 END
START 4.900763358778626 0.19140625 -0.0859375 65 3.9923664122137406 5.99236641221374 END
START 5.709923664122138 0.2158203125 -0.140380859375 66 6.732824427480916 4.473282442748092 END
START 6.442748091603053 0.246337890625 -0.1376953125 67 8.0 3.595419847328244 END
START 7.114503816793893 0.248291015625 -0.0732421875 68 8.648854961832061 3.381679389312977 END
START 6.564885496183206 0.24462890625 -0.001953125 69 8.687022900763358 4.442748091603053 END
START 5.595419847328245 0.2587890625 0.004638671875 70 8.122137404580153 3.9389312977099236 END
START 4.442748091603053 0.209228515625 0.091796875 71 5.854961832061068 6.770992366412214 END
START 3.633587786259542 0.19921875 0.067138671875 72 4.076335877862595 5.893129770992366 END
START 3.1374045801526718 0.144287109375 0.038818359375 73 2.786259541984733 2.854961832061069 END
START 2.8625954198473282 0.123779296875 -0.013671875 74 4.152671755725191 1.2061068702290076 END
START 1.2290076335877862 0.108154296875 0.0732421875 75 3.5114503816793894 0.48854961832061067 END
START 1.4732824427480915 0.13330078125 0.04150390625 76 3.0610687022900764 -0.7099236641221374 END
START 1.83206106870229 0.2001953125 -0.000244140625 77 2.6946564885496183 -0.05343511450381679 END
START 2.1603053435114505 0.2138671875 -0.0166015625 78 1.984732824427481 0.015267175572519083 END
START 2.6793893129770994 0.204345703125 -0.031005859375 79 1.5419847328244274 0.4122137404580153 END
START 3.4427480916030535 0.22509765625 -0.04296875 80 0.8549618320610687 1.1984732824427482 END
START 2.7404580152671754 0.21484375 -0.029541015625 81 0.9007633587786259 1.8396946564885497 END
START 2.053435114503817 0.1982421875 -0.022705078125 82 0.11450381679389313 0.9236641221374046 END
START 0.6335877862595419 0.154296875 -0.01318359375 83 -0.6717557251908397 0.6564885496183206 END
START 0.20610687022900764 0.11572265625 -0.009521484375 84 -0.4961832061068702 -1.4580152671755726 END
START -0.32061068702290074 0.1201171875 -0.00146484375 85 -0.5419847328244275 -1.6488549618320612 END
START -0.11450381679389313 0.154541015625 -0.062255859375 86 0.5801526717557252 -2.122137404580153 END
START -0.26717557251908397 0.190673828125 -0.02783203125 87 0.6335877862595419 -0.7557251908396947 END
START 0.366412213740458 0.234375 -0.05517578125 88 0.6793893129770993 -0.061068702290076333 END
START 1.0305343511450382 0.264404296875 -0.07373046875 89 0.549618320610687 0.8931297709923665 END
START 1.213740458015267 0.22412109375 -0.04052734375 90 0.16793893129770993 0.7709923664122137 END
START 1.633587786259542 0.207763671875 -0.052001953125 91 0.6870229007633588 0.4580152671755725 END
START 1.366412213740458 0.18359375 -0.0146484375 92 0.3816793893129771 -0.5114503816793893 END
START 0.5190839694656488 0.14404296875 -0.012451171875 93 0.6183206106870229 -1.5114503816793894 END
START -0.6870229007633588 0.129150390625 0.043212890625 94 -0.3969465648854962 -0.8473282442748091 END
START -0.5190839694656488 0.165283203125 -0.001708984375 95 -0.4198473282442748 -1.1374045801526718 END
START -0.3435114503816794 0.189208984375 -0.024169921875 96 -0.5725190839694656 -0.061068702290076333 END
START -0.12213740458015267 0.2294921875 -0.04248046875 97 0.11450381679389313 1.0 END
START 0.2900763358778626 0.233154296875 -0.054931640625 98 0.11450381679389313 1.5648854961832062 END
START 0.32061068702290074 0.209228515625 -0.03466796875 99 0.11450381679389313 1.1526717557251909 END
START 0.4351145038167939 0.200927734375 -0.036865234375 100 0.15267175572519084 0.7251908396946565 END
START 0.20610687022900764 0.169921875 -0.0322265625 101 0.3893129770992366 -0.12213740458015267 END
START 0.04580152671755725 0.161865234375 -0.024658203125 102 0.5725190839694656 -0.6717557251908397 END
START -0.4122137404580153 0.172607421875 -0.013916015625 103 0.37404580152671757 -0.6106870229007634 END
START -0.12213740458015267 0.1875 -0.03955078125 104 0.3816793893129771 -0.44274809160305345 END
START -0.16793893129770993 0.220703125 -0.02392578125 105 0.030534351145038167 0.17557251908396945 END
START -0.2366412213740458 0.223876953125 -0.021484375 106 -0.5801526717557252 0.9847328244274809 END
START 1.9465648854961832 0.207275390625 -0.02978515625 107 -0.5954198473282443 0.9847328244274809 END
START 0.06870229007633588 0.18994140625 -0.0224609375 108 -0.8549618320610687 0.46564885496183206 END
START 0.3816793893129771 0.18408203125 -0.029296875 109 -0.7022900763358778 -0.48854961832061067 END
START 0.030534351145038167 0.15966796875 -0.02294921875 110 -0.1450381679389313 -0.549618320610687 END
START 0.0916030534351145 0.1669921875 -0.03271484375 111 0.5419847328244275 -1.0229007633587786 END
START 0.13740458015267176 0.18017578125 -0.045166015625 112 0.648854961832061 -1.0763358778625953 END
START -0.13740458015267176 0.199462890625 -0.021484375 113 0.6793893129770993 -0.7175572519083969 END
START -0.21374045801526717 0.232177734375 -0.026611328125 114 0.16030534351145037 0.5801526717557252 END
START 0.24427480916030533 0.239013671875 -0.0390625 115 -0.2366412213740458 1.0610687022900764 END
START 0.4732824427480916 0.21875 -0.034912109375 116 -0.35877862595419846 0.8702290076335878 END
START 0.13740458015267176 0.18994140625 -0.030517578125 117 -0.5877862595419847 0.6412213740458015 END
START 1.900763358778626 0.164306640625 -0.02197265625 118 -0.03816793893129771 -0.42748091603053434 END
START -0.3435114503816794 0.159423828125 -0.011474609375 119 -0.3816793893129771 -0.3816793893129771 END
START -0.22137404580152673 0.177978515625 -0.033203125 120 0.3893129770992366 -0.9312977099236641 END
START -0.19083969465648856 0.19482421875 -0.034912109375 121 0.06870229007633588 -0.35877862595419846 END
START 0.1297709923664122 0.207763671875 -0.0380859375 122 -1.900763358778626 -0.6412213740458015 END
START 0.33587786259541985 0.2109375 -0.037841796875 123 0.5038167938931297 0.7404580152671756 END
START 0.5877862595419847 0.216552734375 -0.03125 124 -1.8854961832061068 0.8244274809160306 END
START 0.5190839694656488 0.21044921875 -0.044677734375 125 0.061068702290076333 0.9923664122137404 END
START 0.2595419847328244 0.19091796875 -0.025390625 126 0.16793893129770993 0.7938931297709924 END