START -1.1068702290076335 0.3076171875 0.0439453125 2 -3.8244274809160306 12.221374045801527 END
START -2.0916030534351147 0.2841796875 0.046875 3 -5.175572519083969 13.793893129770993 END
START -4.061068702290076 0.234375 0.068359375 4 -7.931297709923665 13.038167938931299 END
START -3.0 0.207275390625 -0.0263671875 5 -6.511450381679389 9.709923664122137 END
START -3.1526717557251906 0.213134765625 -0.046630859375 6 -5.122137404580153 8.282442748091603 END
START -2.6030534351145036 0.189208984375 -0.0224609375 7 -5.8320610687022905 5.770992366412214 END
START -2.2290076335877864 0.247314453125 -0.0478515625 8 -2.8091603053435112 7.32824427480916 END
START -0.6870229007633588 0.266845703125 -0.049560546875 9 -2.33587786259542 7.137404580152672 END
START -0.7633587786259542 0.278076171875 -0.02099609375 10 -2.1068702290076335 9.16793893129771 END
START 0.8702290076335878 0.24853515625 -0.033203125 11 -1.633587786259542 8.412213740458014 END
START 0.8854961832061069 0.200439453125 -0.016845703125 12 -1.3511450381679388 7.137404580152672 END
START -0.45038167938931295 0.1640625 0.033203125 13 -1.5725190839694656 3.2442748091603053 END
START 0.5190839694656488 0.149658203125 -0.0498046875 14 -0.12213740458015267 1.7099236641221374 END
START 0.19083969465648856 0.15966796875 -0.025146484375 15 -0.16793893129770993 0.2595419847328244 END
START 0.7480916030534351 0.1513671875 -0.033447265625 16 0.5419847328244275 -1.6946564885496183 END
START 1.5648854961832062 0.162841796875 -0.04541015625 17 1.4274809160305344 -2.267175572519084 END
START 1.702290076335878 0.194091796875 -0.025634765625 18 1.099236641221374 -2.7251908396946565 END
START 1.717557251908397 0.1962890625 0.0048828125 19 0.3816793893129771 -3.2442748091603053 END
START 1.8015267175572518 0.221923828125 -0.003173828125 20 1.9389312977099236 -2.946564885496183 END
START 2.122137404580153 0.2431640625 -0.024658203125 21 -0.21374045801526717 -2.7022900763358777 END
START 2.099236641221374 0.213623046875 0.001953125 22 -1.4961832061068703 -4.213740458015267 END
START 1.3282442748091603 0.17333984375 -0.02783203125 23 -1.213740458015267 -5.587786259541985 END
START 1.4045801526717556 0.176513671875 -0.027587890625 24 0.732824427480916 -8.732824427480915 END
START 2.2900763358778624 0.161376953125 -0.066162109375 25 3.66412213740458 -11.977099236641221 END
START 1.0610687022900764 0.13720703125 0.029541015625 26 2.900763358778626 -12.83206106870229 END
START 1.1755725190839694 0.169921875 0.01953125 27 2.9236641221374047 -14.511450381679388 END
START 0.3053435114503817 0.20751953125 0.037353515625 28 2.877862595419847 -14.374045801526718 END
START 0.35877862595419846 0.27099609375 0.0263671875 29 0.9236641221374046 -12.106870229007633 END
START 1.6106870229007633 0.389404296875 -0.0625 30 1.0687022900763359 -10.053435114503817 END
START 2.7938931297709924 0.432861328125 -0.08349609375 31 0.5954198473282443 -7.8320610687022905 END
START 3.4732824427480917 0.375 -0.01953125 32 -0.26717557251908397 -5.793893129770993 END
START 3.1374045801526718 0.332763671875 -0.028076171875 33 1.0610687022900764 -5.33587786259542 END
START 0.916030534351145 0.256591796875 0.0654296875 34 -0.5725190839694656 -5.175572519083969 END
START -0.3435114503816794 0.20654296875 0.05615234375 35 -0.16793893129770993 -3.1603053435114505 END
START 0.4961832061068702 0.265380859375 -0.002685546875 36 -0.3969465648854962 -2.1755725190839694 END
START 1.5267175572519085 0.28125 -0.056640625 37 0.3816793893129771 -1.1908396946564885 END
START 1.3206106870229009 0.301513671875 -0.01953125 38 -0.061068702290076333 -0.9694656488549618 END
START 1.6106870229007633 0.290771484375 -0.024169921875 39 0.6106870229007634 -1.9389312977099236 END
START 0.7022900763358778 0.282958984375 -0.001708984375 40 0.8549618320610687 -0.3435114503816794 END
START 0.8396946564885496 0.3017578125 -0.0390625 41 0.916030534351145 0.17557251908396945 END
START 1.9312977099236641 0.286376953125 0.006591796875 42 0.4732824427480916 0.17557251908396945 END
START -0.4198473282442748 0.283203125 0.011474609375 43 -0.20610687022900764 0.46564885496183206 END
START -0.5801526717557252 0.277587890625 0.00390625 44 -0.6641221374045801 0.061068702290076333 END
START -1.1221374045801527 0.275146484375 0.006103515625 45 -0.9465648854961832 -0.26717557251908397 END
START -1.015267175572519 0.274169921875 -0.0224609375 46 -0.6335877862595419 -0.9770992366412213 END
START -0.4732824427480916 0.291015625 -0.016357421875 47 -0.5954198473282443 -1.251908396946565 END
START -0.17557251908396945 0.29638671875 -0.0244140625 48 -0.22137404580152673 -1.6946564885496183 END
START 0.6183206106870229 0.308837890625 -0.033447265625 49 0.4351145038167939 -1.1526717557251909 END
START -1.7099236641221374 0.277587890625 0.038818359375 50 0.3435114503816794 2.236641221374046 END
START 0.3282442748091603 0.3076171875 -0.021240234375 51 1.6870229007633588 -1.0916030534351144 END
START 0.366412213740458 0.295654296875 -0.003173828125 52 -0.8549618320610687 -2.5419847328244276 END
START 1.9083969465648856 0.307373046875 -0.02685546875 53 0.6793893129770993 1.618320610687023 END
START -0.11450381679389313 0.26513671875 0.013671875 54 0.648854961832061 -0.35877862595419846 END
START -0.45038167938931295 0.269775390625 0.0078125 55 -0.061068702290076333 -0.12213740458015267 END
START -0.2748091603053435 0.330078125 0.02587890625 56 -0.2824427480916031 1.9923664122137406 END
START 0.26717557251908397 0.28857421875 -0.02783203125 57 0.11450381679389313 1.9389312977099236 END
START -0.1297709923664122 0.287841796875 0.029541015625 58 -0.6106870229007634 -1.3740458015267176 END
START -0.06870229007633588 0.29443359375 -0.00390625 59 -0.33587786259541985 -0.8473282442748091 END
START -0.22137404580152673 0.303466796875 -0.006591796875 60 -0.4732824427480916 1.183206106870229 END
START -0.366412213740458 0.28955078125 -0.005126953125 61 0.007633587786259542 0.732824427480916 END
START -0.3435114503816794 0.27490234375 -0.006591796875 62 -1.9312977099236641 0.42748091603053434 END
START -0.24427480916030533 0.278076171875 -0.00927734375 63 0.09923664122137404 -0.061068702290076333 END
START 0.0 0.280517578125 0.01318359375 64 -0.07633587786259542 -0.4122137404580153 END
START 0.05343511450381679 0.28369140625 0.00390625 65 -0.4580152671755725 -0.2366412213740458 END
START 0.06870229007633588 0.287109375 0.013427734375 66 -0.7251908396946565 -0.6106870229007634 END
START 0.0916030534351145 0.307373046875 -0.01123046875 67 -1.83206106870229 0.16793893129770993 END
START 1.9312977099236641 0.291748046875 -0.009521484375 68 -0.13740458015267176 0.20610687022900764 END
START -0.46564885496183206 0.29736328125 0.008544921875 69 -1.0916030534351144 0.7022900763358778 END
START -0.11450381679389313 0.307373046875 -0.02099609375 70 -0.13740458015267176 0.5190839694656488 END
START -0.22900763358778625 0.2880859375 -0.0146484375 71 -0.2366412213740458 0.3969465648854962 END
START -0.29770992366412213 0.281005859375 -0.00390625 72 -0.17557251908396945 0.3435114503816794 END
START -0.7404580152671756 0.283935546875 -0.008056640625 73 -0.06870229007633588 -0.13740458015267176 END
START -0.3816793893129771 0.2880859375 -0.013916015625 74 -0.19083969465648856 -1.099236641221374 END
START -0.5801526717557252 0.28173828125 -0.013671875 75 -0.45038167938931295 0.8015267175572519 END
START -0.3969465648854962 0.28125 -0.017822265625 76 0.33587786259541985 -0.13740458015267176 END
START -0.7022900763358778 0.30419921875 -0.0048828125 77 -0.4580152671755725 1.1908396946564885 END