START -0.48091603053435117 0.310791015625 -0.00341796875 2 -0.17557251908396945 2.099236641221374 END
START 0.08396946564885496 0.31201171875 -0.032470703125 3 1.3358778625954197 1.2290076335877862 END
START -0.8015267175572519 0.286376953125 -0.00244140625 4 0.9083969465648855 1.3053435114503817 END
START -0.5648854961832062 0.288818359375 0.004638671875 5 -0.7022900763358778 2.1755725190839694 END
START 0.183206106870229 0.289306640625 -0.00146484375 6 0.6106870229007634 0.4351145038167939 END
START 0.2595419847328244 0.292236328125 -0.011962890625 7 0.25190839694656486 -0.4961832061068702 END
START 0.10687022900763359 0.296630859375 0.003662109375 8 -1.2213740458015268 -0.24427480916030533 END
START 0.5877862595419847 0.30908203125 -0.00146484375 9 -0.48854961832061067 -0.4122137404580153 END
START 0.7175572519083969 0.291748046875 -0.00830078125 10 -0.6183206106870229 -0.9007633587786259 END
START 0.45038167938931295 0.280029296875 0.006103515625 11 -0.9541984732824428 -0.8320610687022901 END
START 0.4580152671755725 0.286376953125 -0.001220703125 12 -1.3969465648854962 -0.7175572519083969 END
START 0.48091603053435117 0.2880859375 -0.014404296875 13 -0.5190839694656488 -0.19083969465648856 END
START 0.2595419847328244 0.28271484375 -0.00244140625 14 -0.6717557251908397 0.10687022900763359 END
START 0.22900763358778625 0.285888671875 -0.009765625 15 -0.16793893129770993 0.549618320610687 END
START 0.1450381679389313 0.2861328125 -0.015380859375 16 0.21374045801526717 0.7175572519083969 END
START 0.061068702290076333 0.291015625 -0.00830078125 17 0.29770992366412213 0.8320610687022901 END
START 0.061068702290076333 0.2919921875 -0.015625 18 0.48091603053435117 0.8854961832061069 END
START 0.11450381679389313 0.290771484375 -0.01513671875 19 0.3816793893129771 0.48091603053435117 END
START 0.15267175572519084 0.299072265625 -0.02001953125 20 0.45038167938931295 0.33587786259541985 END
START 0.05343511450381679 0.291748046875 -0.007080078125 21 0.25190839694656486 0.17557251908396945 END
START 0.06870229007633588 0.2890625 -0.008056640625 22 0.06870229007633588 0.183206106870229 END
START -0.022900763358778626 0.289306640625 -0.00634765625 23 0.06870229007633588 -0.05343511450381679 END
START 0.35877862595419846 0.295166015625 -0.013671875 24 -0.2748091603053435 -0.6717557251908397 END
START 0.45038167938931295 0.2978515625 -0.01025390625 25 -0.7022900763358778 -1.0 END
START 0.3282442748091603 0.28369140625 0.010498046875 26 -0.7938931297709924 -1.9541984732824427 END
START 0.19083969465648856 0.28955078125 -0.0107421875 27 0.17557251908396945 0.45038167938931295 END
START 0.08396946564885496 0.290283203125 -0.01025390625 28 0.12213740458015267 0.5267175572519084 END
START -0.061068702290076333 0.291748046875 -0.017333984375 29 0.40458015267175573 0.2824427480916031 END
START -0.17557251908396945 0.289794921875 -0.013671875 30 0.6335877862595419 0.09923664122137404 END
START -1.7251908396946565 0.2880859375 -0.01025390625 31 0.42748091603053434 0.04580152671755725 END
START 0.42748091603053434 0.30029296875 -0.0576171875 32 -0.03816793893129771 -0.6641221374045801 END
START 0.7404580152671756 0.30126953125 -0.009521484375 33 -0.9694656488549618 -1.213740458015267 END
START 0.32061068702290074 0.3017578125 0.01123046875 34 -0.24427480916030533 1.549618320610687 END
START 0.5114503816793893 0.2998046875 -0.01025390625 35 0.8320610687022901 1.5190839694656488 END
START 0.3511450381679389 0.29931640625 -0.006103515625 36 0.7709923664122137 2.5572519083969465 END
START 1.0381679389312977 0.285400390625 -0.005859375 37 1.3587786259541985 3.1068702290076335 END
START 1.549618320610687 0.318115234375 -0.02978515625 38 2.0763358778625953 5.374045801526718 END
START 2.4198473282442747 0.34619140625 -0.045654296875 39 3.1526717557251906 5.931297709923665 END
START 3.0610687022900764 0.343017578125 0.002197265625 40 3.2519083969465647 12.687022900763358 END
START 2.6717557251908395 0.347412109375 0.0283203125 41 3.2595419847328246 13.916030534351146 END
START 1.4122137404580153 0.34814453125 0.047607421875 42 0.16793893129770993 20.328244274809162 END
START 1.8778625954198473 0.317626953125 0.046630859375 43 -0.05343511450381679 20.137404580152673 END
START -3.0229007633587788 0.247802734375 0.033447265625 44 -2.2213740458015265 18.778625954198475 END
START -2.282442748091603 0.09521484375 -0.030029296875 45 -3.9770992366412212 9.595419847328245 END
START -2.236641221374046 0.0830078125 -0.036865234375 46 -1.702290076335878 3.9236641221374047 END
START -2.564885496183206 0.07958984375 0.030517578125 47 -1.7633587786259541 3.015267175572519 END
START -3.1068702290076335 0.15087890625 0.0263671875 48 0.4198473282442748 2.198473282442748 END
START -3.267175572519084 0.21630859375 0.033203125 49 -0.33587786259541985 7.534351145038168 END
START -1.3740458015267176 0.276123046875 -0.017822265625 50 -1.2900763358778626 8.404580152671755 END
START 0.4122137404580153 0.319580078125 -0.080810546875 51 -1.0381679389312977 8.435114503816793 END
START 1.4961832061068703 0.2724609375 -0.07080078125 52 -1.6488549618320612 8.351145038167939 END
START 0.5572519083969466 0.248291015625 -0.032470703125 53 -0.0916030534351145 6.458015267175573 END
START -0.48854961832061067 0.15869140625 0.003662109375 54 -1.5267175572519085 2.49618320610687 END
START 0.1297709923664122 0.1552734375 -0.05810546875 55 -0.366412213740458 2.2595419847328246 END
START 0.7480916030534351 0.16162109375 -0.064697265625 56 0.8091603053435115 1.015267175572519 END
START 0.7175572519083969 0.16552734375 -0.03515625 57 1.3435114503816794 -0.6641221374045801 END
START 1.1221374045801527 0.1591796875 -0.044189453125 58 2.381679389312977 -0.8396946564885496 END
START 1.083969465648855 0.1669921875 -0.0166015625 59 2.312977099236641 -1.717557251908397 END
START 1.6106870229007633 0.17626953125 -0.01025390625 60 1.251908396946565 -2.786259541984733 END
START 2.2442748091603053 0.197021484375 -0.021484375 61 0.366412213740458 -3.7480916030534353 END
START 2.984732824427481 0.189453125 -0.038818359375 62 0.31297709923664124 -5.5038167938931295 END
START 2.4732824427480917 0.156494140625 0.007080078125 63 0.05343511450381679 -5.977099236641221 END
START 1.534351145038168 0.134765625 0.016357421875 64 0.1984732824427481 -9.19083969465649 END
START 0.9236641221374046 0.111083984375 -0.000732421875 65 1.4809160305343512 -11.541984732824428 END
START 0.48854961832061067 0.094970703125 0.021484375 66 0.7709923664122137 -14.954198473282442 END
START 1.8778625954198473 0.18212890625 -0.02734375 67 3.9923664122137406 -18.374045801526716 END
START 0.6030534351145038 0.2265625 0.000732421875 68 2.0 -14.946564885496183 END
START 1.4351145038167938 0.311279296875 0.0380859375 69 2.954198473282443 -15.603053435114504 END
START -0.48854961832061067 0.380859375 0.09716796875 70 -1.6412213740458015 -9.557251908396946 END
START 0.25190839694656486 0.41455078125 -0.0078125 71 -2.4656488549618323 -5.076335877862595 END
START 0.7786259541984732 0.362060546875 -0.03564453125 72 -3.068702290076336 -2.0076335877862594 END
START 1.5572519083969465 0.29345703125 -0.02734375 73 -5.732824427480916 -5.488549618320611 END
START 1.5725190839694656 0.251220703125 -0.037109375 74 -2.7480916030534353 -5.33587786259542 END
START 1.900763358778626 0.21337890625 0.021484375 75 -2.236641221374046 -4.114503816793893 END
START -0.6030534351145038 0.197509765625 -0.0126953125 76 -1.7938931297709924 -7.083969465648855 END
START 0.22137404580152673 0.254150390625 -0.054931640625 77 -0.015267175572519083 -7.648854961832061 END
START 0.2900763358778626 0.3056640625 -0.0087890625 78 -0.48091603053435117 -3.1603053435114505 END
START 0.8702290076335878 0.332763671875 -0.043212890625 79 -0.8473282442748091 -3.8702290076335877 END
START 0.8702290076335878 0.3466796875 -0.04443359375 80 -0.9236641221374046 0.35877862595419846 END
START 0.5267175572519084 0.304443359375 0.000244140625 81 -0.19083969465648856 1.7709923664122138 END
START -0.17557251908396945 0.2822265625 0.006591796875 82 -0.6335877862595419 2.1068702290076335 END
START -0.4198473282442748 0.27197265625 -0.0126953125 83 -0.08396946564885496 0.9847328244274809 END
START -0.5038167938931297 0.2607421875 -0.0126953125 84 -0.3053435114503817 -0.29770992366412213 END
START -0.48091603053435117 0.25830078125 -0.009521484375 85 -0.09923664122137404 -1.183206106870229 END
START -0.4122137404580153 0.269287109375 0.01513671875 86 -0.5648854961832062 -1.5419847328244274 END
START 0.10687022900763359 0.2822265625 -0.01611328125 87 -0.3511450381679389 -1.3969465648854962 END
START 0.5572519083969466 0.3212890625 -0.025390625 88 -0.08396946564885496 -0.7251908396946565 END
START 0.44274809160305345 0.3056640625 -0.01220703125 89 0.03816793893129771 0.5572519083969466 END
START 0.5038167938931297 0.31201171875 -0.012939453125 90 -1.9312977099236641 0.4732824427480916 END
START -0.0916030534351145 0.277587890625 0.00634765625 91 -0.6793893129770993 0.3511450381679389 END
START 0.007633587786259542 0.250732421875 -0.014892578125 92 0.16030534351145037 0.8625954198473282 END
START 0.1297709923664122 0.27587890625 -0.0107421875 93 -0.33587786259541985 0.2748091603053435 END
START 0.07633587786259542 0.275634765625 -0.0283203125 94 -0.030534351145038167 0.4198473282442748 END
START -0.21374045801526717 0.276123046875 -0.0048828125 95 -0.6335877862595419 -0.44274809160305345 END
START -0.13740458015267176 0.27880859375 -0.029052734375 96 0.007633587786259542 -0.1297709923664122 END
START -0.19083969465648856 0.284912109375 -0.018798828125 97 -0.12213740458015267 -0.20610687022900764 END
START -0.08396946564885496 0.293212890625 -0.026123046875 98 0.06870229007633588 0.07633587786259542 END
START -0.21374045801526717 0.290771484375 -0.011962890625 99 -0.183206106870229 0.015267175572519083 END
START 0.10687022900763359 0.282958984375 -0.0146484375 100 -0.08396946564885496 -0.1297709923664122 END
START -0.08396946564885496 0.290771484375 -0.004150390625 101 -0.33587786259541985 0.32061068702290074 END
START 0.22137404580152673 0.28662109375 -0.01953125 102 0.183206106870229 0.09923664122137404 END
START 0.3816793893129771 0.29736328125 -0.010498046875 103 0.0916030534351145 0.2366412213740458 END
START 0.2748091603053435 0.28271484375 0.0146484375 104 1.9389312977099236 0.5801526717557252 END
START 0.24427480916030533 0.279296875 -0.00634765625 105 -0.2748091603053435 0.6259541984732825 END
START 0.44274809160305345 0.280517578125 -0.02490234375 106 0.06870229007633588 0.3282442748091603 END
START 0.183206106870229 0.2763671875 -0.010498046875 107 0.22900763358778625 0.3053435114503817 END
START 0.183206106870229 0.274169921875 -0.021484375 108 0.015267175572519083 -0.04580152671755725 END
START 0.022900763358778626 0.26708984375 -0.009765625 109 -0.10687022900763359 -0.05343511450381679 END
START 0.17557251908396945 0.2890625 -0.023193359375 110 0.007633587786259542 0.030534351145038167 END
START 0.09923664122137404 0.289306640625 -0.01904296875 111 0.022900763358778626 -0.0916030534351145 END
START 0.21374045801526717 0.292724609375 -0.017578125 112 0.09923664122137404 0.16030534351145037 END
START 0.20610687022900764 0.28857421875 -0.00634765625 113 -0.22137404580152673 0.40458015267175573 END
START 0.2900763358778626 0.28857421875 -0.0146484375 114 -0.17557251908396945 0.2900763358778626 END
START 0.2748091603053435 0.27880859375 -0.010986328125 115 -0.22137404580152673 0.06870229007633588 END
START 0.10687022900763359 0.27294921875 -0.011474609375 116 -0.29770992366412213 0.030534351145038167 END
START 0.0916030534351145 0.2763671875 -0.01318359375 117 -0.35877862595419846 -0.1450381679389313 END
START 0.0916030534351145 0.28662109375 -0.018310546875 118 -0.13740458015267176 -0.030534351145038167 END
START 0.022900763358778626 0.28759765625 -0.0078125 119 -0.31297709923664124 -0.04580152671755725 END
START 0.08396946564885496 0.289794921875 -0.014892578125 120 -0.31297709923664124 -0.10687022900763359 END
START 0.05343511450381679 0.286865234375 -0.03125 121 -0.15267175572519084 0.13740458015267176 END
START 0.0916030534351145 0.286376953125 -0.0205078125 122 -0.04580152671755725 0.15267175572519084 END
START 0.31297709923664124 0.283203125 -0.02197265625 123 -0.1297709923664122 -0.17557251908396945 END