START -0.32061068702290074 0.269287109375 0.013427734375 2 -5.061068702290076 19.3206106870229 END
START -1.6412213740458015 0.231201171875 -0.007568359375 3 -7.793893129770993 17.47328244274809 END
START -1.717557251908397 0.179443359375 -0.000732421875 4 -3.801526717557252 10.938931297709924 END
START -3.763358778625954 0.15283203125 -0.038330078125 5 -3.49618320610687 10.83206106870229 END
START -0.1984732824427481 0.149658203125 -0.0947265625 6 -1.3740458015267176 7.175572519083969 END
START -0.45038167938931295 0.136962890625 -0.0234375 7 -0.6870229007633588 6.99236641221374 END
START -1.9083969465648856 0.15869140625 -0.0263671875 8 -0.061068702290076333 6.687022900763359 END
START 1.4885496183206106 0.18798828125 -0.083984375 9 0.4732824427480916 5.396946564885496 END
START 0.40458015267175573 0.240966796875 0.00732421875 10 -0.0916030534351145 7.824427480916031 END
START 0.6335877862595419 0.231201171875 -0.037841796875 11 -2.5267175572519083 9.076335877862595 END
START -0.45038167938931295 0.20703125 -0.037353515625 12 -4.251908396946565 7.00763358778626 END
START -1.5725190839694656 0.101806640625 -0.0009765625 13 -3.717557251908397 0.6412213740458015 END
START -0.8549618320610687 0.071044921875 -0.08203125 14 -2.763358778625954 -1.2366412213740459 END
START -0.8320610687022901 0.0908203125 -0.050537109375 15 -2.114503816793893 -2.1068702290076335 END
START -0.816793893129771 0.080322265625 -0.08935546875 16 -0.8702290076335878 -4.801526717557252 END
START 0.1984732824427481 0.12451171875 -0.124267578125 17 1.4732824427480915 -9.34351145038168 END
START -0.24427480916030533 0.119384765625 -0.107177734375 18 2.519083969465649 -10.488549618320612 END
START 1.0687022900763359 0.11865234375 -0.09521484375 19 3.816793893129771 -12.0 END
START 1.1908396946564885 0.15673828125 -0.120361328125 20 8.770992366412214 -15.748091603053435 END
START -3.0076335877862594 0.093994140625 0.109130859375 21 6.129770992366412 -15.236641221374045 END
START -2.3969465648854964 0.187255859375 0.0 22 5.564885496183206 -16.213740458015266 END
START -0.06870229007633588 0.317138671875 -0.08349609375 23 4.33587786259542 -16.099236641221374 END
START 0.7099236641221374 0.43017578125 -0.104736328125 24 4.793893129770993 -11.816793893129772 END
START 0.13740458015267176 0.406005859375 0.0439453125 25 1.6259541984732824 -6.748091603053435 END
START -0.45038167938931295 0.348876953125 0.0439453125 26 -0.9465648854961832 -4.2748091603053435 END
START -0.31297709923664124 0.3212890625 0.000732421875 27 -1.9770992366412214 -3.2290076335877864 END
START 0.16030534351145037 0.28173828125 -0.03466796875 28 -1.3435114503816794 -1.8396946564885497 END
START 0.03816793893129771 0.230712890625 -0.00390625 29 -1.0 -2.33587786259542 END
START 0.648854961832061 0.223388671875 -0.063232421875 30 0.5038167938931297 -5.1603053435114505 END
START -0.3816793893129771 0.20556640625 0.030517578125 31 0.09923664122137404 -6.480916030534351 END
START -0.1297709923664122 0.209228515625 -0.03076171875 32 0.7175572519083969 -8.19083969465649 END
START 0.022900763358778626 0.24365234375 -0.027587890625 33 1.1145038167938932 -7.900763358778626 END
START -0.366412213740458 0.324462890625 -0.00537109375 34 0.4732824427480916 -5.687022900763359 END
START 0.05343511450381679 0.360107421875 -0.040283203125 35 -0.6793893129770993 -1.7633587786259541 END
START 0.183206106870229 0.348876953125 -0.035888671875 36 -1.9236641221374047 1.3129770992366412 END
START -0.022900763358778626 0.29833984375 -0.044677734375 37 -1.1755725190839694 0.5725190839694656 END
START -0.37404580152671757 0.25390625 -0.033447265625 38 -0.5190839694656488 -0.3435114503816794 END
START -0.24427480916030533 0.244140625 -0.060791015625 39 0.4198473282442748 -1.5114503816793894 END
START -0.2900763358778626 0.2431640625 -0.02587890625 40 0.6793893129770993 -3.1068702290076335 END
START -0.6564885496183206 0.2509765625 -0.010498046875 41 0.3816793893129771 -2.8625954198473282 END
START -0.17557251908396945 0.304931640625 -0.0361328125 42 0.6793893129770993 -1.5954198473282444 END
START -0.05343511450381679 0.314453125 -0.0078125 43 -0.3969465648854962 -0.03816793893129771 END
START -0.06870229007633588 0.323974609375 -0.00732421875 44 -0.7557251908396947 1.6106870229007633 END
START -0.2366412213740458 0.29931640625 -0.01953125 45 -0.8244274809160306 1.9083969465648856 END
START -0.31297709923664124 0.2724609375 -0.00146484375 46 -1.0229007633587786 0.8473282442748091 END
START -0.2595419847328244 0.273193359375 -0.038330078125 47 -0.3053435114503817 0.13740458015267176 END
START 0.1297709923664122 0.275634765625 -0.04052734375 48 0.16793893129770993 -1.4351145038167938 END
START -0.13740458015267176 0.276123046875 -0.01611328125 49 0.10687022900763359 -1.083969465648855 END
START 0.16030534351145037 0.27783203125 -0.02197265625 50 0.08396946564885496 -1.2748091603053435 END
START 0.19083969465648856 0.293701171875 -0.02734375 51 0.022900763358778626 -0.3435114503816794 END
START 0.40458015267175573 0.312255859375 -0.0234375 52 -0.2366412213740458 0.22900763358778625 END
START 0.3053435114503817 0.291748046875 -0.025634765625 53 -0.22900763358778625 0.7175572519083969 END
START 0.40458015267175573 0.29345703125 -0.039794921875 54 0.09923664122137404 1.0610687022900764 END
START 0.21374045801526717 0.285888671875 -0.02392578125 55 -0.07633587786259542 1.0 END
START -0.09923664122137404 0.266357421875 -0.022705078125 56 -0.07633587786259542 0.4961832061068702 END
START -0.015267175572519083 0.255615234375 -0.02685546875 57 -0.022900763358778626 -0.3282442748091603 END
START -0.22900763358778625 0.283203125 -0.0234375 58 0.08396946564885496 -0.06870229007633588 END
START -0.26717557251908397 0.279296875 -0.01220703125 59 -0.3282442748091603 -0.5648854961832062 END
START -0.19083969465648856 0.273193359375 -0.025634765625 60 -0.35877862595419846 -0.48091603053435117 END
START -0.19083969465648856 0.267822265625 -0.018310546875 61 -0.29770992366412213 -0.366412213740458 END
START -0.07633587786259542 0.291259765625 -0.0263671875 62 -0.3435114503816794 0.2900763358778626 END
START -0.22900763358778625 0.29736328125 -0.01904296875 63 -0.5190839694656488 0.7404580152671756 END
START -0.17557251908396945 0.29541015625 -0.027099609375 64 -0.37404580152671757 0.8778625954198473 END
START -0.03816793893129771 0.295166015625 -0.03857421875 65 -0.030534351145038167 0.732824427480916 END
START -0.2595419847328244 0.291259765625 -0.029541015625 66 -0.11450381679389313 0.8015267175572519 END
START 1.0458015267175573 0.299560546875 -0.080078125 67 1.2442748091603053 -0.816793893129771 END
START 0.4580152671755725 0.293701171875 0.001220703125 68 0.06870229007633588 -0.26717557251908397 END
START 0.5190839694656488 0.279052734375 -0.02978515625 69 0.732824427480916 -0.4961832061068702 END
START 0.0916030534351145 0.27685546875 0.011962890625 70 -0.183206106870229 -0.44274809160305345 END
START 0.22900763358778625 0.279541015625 -0.01416015625 71 -0.2824427480916031 -0.1984732824427481 END
START 0.37404580152671757 0.284423828125 -0.021728515625 72 -0.3435114503816794 -0.26717557251908397 END
START 0.45038167938931295 0.2890625 -0.025146484375 73 -0.21374045801526717 -0.007633587786259542 END