START 1.1755725190839694 0.360595703125 -0.02294921875 2 0.1297709923664122 16.14503816793893 END
START 1.1526717557251909 0.327880859375 -0.001953125 3 -1.8396946564885497 16.709923664122137 END
START 1.0381679389312977 0.28662109375 -0.028076171875 4 -1.1450381679389312 16.633587786259543 END
START 0.32061068702290074 0.23974609375 0.003662109375 5 -2.7022900763358777 15.801526717557252 END
START -0.8244274809160306 0.19287109375 0.04296875 6 -2.8473282442748094 14.114503816793894 END
START -1.8091603053435115 0.166259765625 0.044189453125 7 -3.0839694656488548 12.366412213740459 END
START -2.351145038167939 0.153564453125 0.01708984375 8 -3.6793893129770994 11.183206106870228 END
START -2.4122137404580153 0.137451171875 -0.0126953125 9 -3.5419847328244276 11.419847328244275 END
START -2.4427480916030535 0.126708984375 -0.025634765625 10 -2.4656488549618323 9.51908396946565 END
START -2.7404580152671754 0.124267578125 -0.01416015625 11 -2.5877862595419847 5.343511450381679 END
START -2.49618320610687 0.154296875 -0.02734375 12 -2.114503816793893 4.709923664122138 END
START -1.8931297709923665 0.188232421875 -0.06494140625 13 -2.0229007633587788 4.877862595419847 END
START -0.7480916030534351 0.229736328125 -0.06787109375 14 -1.4122137404580153 4.694656488549619 END
START -0.44274809160305345 0.256103515625 -0.0654296875 15 -0.9312977099236641 4.770992366412214 END
START -1.8244274809160306 0.263671875 -0.057373046875 16 -0.8244274809160306 4.893129770992366 END
START 0.9312977099236641 0.294921875 -0.047119140625 17 -0.8854961832061069 6.549618320610687 END
START 2.3206106870229006 0.28955078125 -0.06005859375 18 -1.3206106870229009 7.801526717557252 END
START 2.351145038167939 0.28076171875 -0.041015625 19 -1.297709923664122 8.145038167938932 END
START 2.427480916030534 0.223876953125 -0.04541015625 20 -0.6106870229007634 7.603053435114504 END
START 0.35877862595419846 0.16064453125 0.0205078125 21 -2.2213740458015265 4.740458015267175 END
START -0.32061068702290074 0.139404296875 -0.03662109375 22 -0.9541984732824428 1.2061068702290076 END
START 1.0305343511450382 0.10498046875 -0.095947265625 23 -0.8549618320610687 0.6793893129770993 END
START 1.2900763358778626 0.1181640625 -0.069091796875 24 -1.8625954198473282 -3.5114503816793894 END
START 1.9312977099236641 0.139404296875 -0.101806640625 25 1.297709923664122 -7.1603053435114505 END
START 2.2595419847328246 0.14599609375 -0.0703125 26 1.9694656488549618 -9.648854961832061 END
START 1.6259541984732824 0.146240234375 -0.06982421875 27 3.519083969465649 -11.389312977099237 END
START 1.5267175572519085 0.148193359375 -0.0595703125 28 4.9465648854961835 -14.969465648854962 END
START 1.7099236641221374 0.157470703125 -0.0419921875 29 6.572519083969466 -15.67175572519084 END
START -2.1374045801526718 0.092041015625 0.189697265625 30 5.297709923664122 -20.450381679389313 END
START -4.908396946564886 0.155029296875 0.128173828125 31 1.1984732824427482 -18.702290076335878 END
START -2.648854961832061 0.376953125 -0.03369140625 32 0.5190839694656488 -16.85496183206107 END
START -1.1221374045801527 0.512939453125 -0.04296875 33 -1.8625954198473282 -12.16030534351145 END
START -0.07633587786259542 0.505126953125 -0.037353515625 34 -2.351145038167939 -6.427480916030534 END
START 0.7557251908396947 0.454833984375 -0.03173828125 35 -1.702290076335878 -1.5572519083969465 END
START 1.2366412213740459 0.3466796875 -0.0546875 36 -0.08396946564885496 -1.4580152671755726 END
START 1.5419847328244274 0.28564453125 -0.07080078125 37 1.6488549618320612 -1.8244274809160306 END
START 0.3969465648854962 0.220703125 0.008056640625 38 1.9236641221374047 -2.3740458015267176 END
START -0.8854961832061069 0.2255859375 0.0322265625 39 1.9083969465648856 -2.114503816793893 END
START -0.48091603053435117 0.26123046875 -0.023681640625 40 -0.3053435114503817 -2.5267175572519083 END
START 0.06870229007633588 0.307861328125 -0.0498046875 41 -0.7786259541984732 -2.053435114503817 END
START -0.3511450381679389 0.31689453125 -0.0302734375 42 -0.7099236641221374 -0.8091603053435115 END
START 0.16030534351145037 0.31298828125 -0.033935546875 43 -1.1145038167938932 0.8854961832061069 END
START 0.6717557251908397 0.326171875 -0.04443359375 44 -0.6793893129770993 0.4198473282442748 END
START 0.5801526717557252 0.283447265625 -0.0322265625 45 -0.030534351145038167 0.42748091603053434 END
START -0.2900763358778626 0.257080078125 0.027099609375 46 -0.4961832061068702 -0.030534351145038167 END
START -0.3511450381679389 0.27294921875 -0.008056640625 47 -0.29770992366412213 -0.45038167938931295 END
START -0.5725190839694656 0.27685546875 -0.011962890625 48 -0.6412213740458015 -0.6183206106870229 END
START -0.09923664122137404 0.29296875 -0.03369140625 49 -0.3053435114503817 -0.6564885496183206 END
START -1.916030534351145 0.30029296875 -0.020263671875 50 -0.5419847328244275 0.3816793893129771 END
START 0.2366412213740458 0.30908203125 -0.035888671875 51 -0.007633587786259542 0.8549618320610687 END
START 0.3893129770992366 0.311279296875 -0.028076171875 52 -0.25190839694656486 0.648854961832061 END
START 0.37404580152671757 0.29931640625 -0.03466796875 53 0.3511450381679389 0.7404580152671756 END
START 0.4732824427480916 0.289306640625 -0.0205078125 54 0.4122137404580153 0.04580152671755725 END
START 0.2595419847328244 0.28125 -0.0078125 55 0.2900763358778626 0.48091603053435117 END
START 0.15267175572519084 0.2958984375 -0.00390625 56 -0.2824427480916031 0.21374045801526717 END
START 0.05343511450381679 0.289306640625 -0.017333984375 57 -0.1450381679389313 0.2366412213740458 END
START 0.08396946564885496 0.293212890625 -0.020263671875 58 -0.21374045801526717 0.25190839694656486 END
START -0.1297709923664122 0.296630859375 -0.012451171875 59 -0.40458015267175573 0.16030534351145037 END
START 0.007633587786259542 0.283203125 -0.04443359375 60 -0.25190839694656486 -0.09923664122137404 END
START -0.13740458015267176 0.289306640625 -0.017578125 61 -0.5343511450381679 -0.5419847328244275 END
START 0.05343511450381679 0.29541015625 -0.03271484375 62 -0.061068702290076333 -0.4198473282442748 END
START 0.04580152671755725 0.28271484375 -0.022705078125 63 -0.3435114503816794 -0.2748091603053435 END
START 0.16030534351145037 0.30859375 -0.017822265625 64 -0.2824427480916031 -0.183206106870229 END
START 0.3282442748091603 0.301513671875 -0.023193359375 65 -0.2595419847328244 -0.3511450381679389 END
START 0.09923664122137404 0.29443359375 -0.015869140625 66 -0.10687022900763359 -0.09923664122137404 END
START 0.2366412213740458 0.291748046875 -0.021728515625 67 -0.3435114503816794 0.1984732824427481 END
START 0.31297709923664124 0.28369140625 -0.044921875 68 -0.16030534351145037 0.0916030534351145 END
START 0.20610687022900764 0.28955078125 -0.02685546875 69 -0.04580152671755725 0.1297709923664122 END
START -0.4351145038167939 0.296142578125 0.005859375 70 -0.5725190839694656 0.022900763358778626 END
START -0.0916030534351145 0.28369140625 -0.039306640625 71 -0.15267175572519084 -0.11450381679389313 END
START 0.09923664122137404 0.294677734375 -0.02783203125 72 -0.03816793893129771 -0.24427480916030533 END
START 0.06870229007633588 0.292724609375 -0.02490234375 73 -0.022900763358778626 -0.16793893129770993 END
START 0.2595419847328244 0.296875 -0.024169921875 74 0.007633587786259542 -0.11450381679389313 END
START 0.31297709923664124 0.311767578125 -0.024658203125 75 0.09923664122137404 0.2366412213740458 END
START 0.5572519083969466 0.29150390625 -0.021240234375 76 -1.9389312977099236 0.2900763358778626 END
START 0.48091603053435117 0.29443359375 -0.012451171875 77 -0.015267175572519083 0.4198473282442748 END
START 0.3282442748091603 0.291015625 -0.020263671875 78 0.16030534351145037 0.030534351145038167 END
START 0.09923664122137404 0.282958984375 -0.015625 79 -0.21374045801526717 0.3511450381679389 END