START 2.3740458015267176 0.310791015625 -0.052490234375 2 2.9389312977099236 8.587786259541986 END
START 1.1526717557251909 0.25244140625 0.0732421875 3 1.1450381679389312 8.977099236641221 END
START 2.2748091603053435 0.291015625 -0.03662109375 4 1.1984732824427482 10.541984732824428 END
START 1.5190839694656488 0.280029296875 0.0380859375 5 -1.4351145038167938 10.816793893129772 END
START 0.5877862595419847 0.236572265625 0.00048828125 6 -1.8473282442748091 10.916030534351146 END
START 0.7633587786259542 0.266357421875 -0.034912109375 7 -0.6946564885496184 10.564885496183207 END
START 1.183206106870229 0.22509765625 -0.048828125 8 0.04580152671755725 10.725190839694656 END
START 0.8396946564885496 0.196533203125 0.000244140625 9 -1.0458015267175573 8.427480916030534 END
START 0.7022900763358778 0.162841796875 -0.0068359375 10 -0.06870229007633588 6.595419847328245 END
START 0.03816793893129771 0.162109375 -0.00048828125 11 -0.35877862595419846 6.152671755725191 END
START -0.45038167938931295 0.161376953125 -0.006103515625 12 0.4122137404580153 4.740458015267175 END
START 0.32061068702290074 0.1806640625 -0.0498046875 13 0.20610687022900764 6.305343511450381 END
START 0.44274809160305345 0.18701171875 0.001953125 14 -0.5114503816793893 3.7251908396946565 END
START 0.40458015267175573 0.197509765625 -0.046630859375 15 0.31297709923664124 4.229007633587786 END
START -0.03816793893129771 0.185546875 -0.005615234375 16 -1.083969465648855 1.3435114503816794 END
START 0.6259541984732825 0.158447265625 -0.061279296875 17 -0.7022900763358778 -0.3282442748091603 END
START 0.4580152671755725 0.156982421875 -0.04638671875 18 -0.9770992366412213 -1.3206106870229009 END
START -0.366412213740458 0.146240234375 -0.006591796875 19 -0.9465648854961832 -3.3435114503816794 END
START -0.6793893129770993 0.146240234375 -0.005615234375 20 -1.0381679389312977 -4.198473282442748 END
START -0.9465648854961832 0.17626953125 -0.046142578125 21 -0.7022900763358778 -4.297709923664122 END
START -2.0076335877862594 0.16552734375 0.00390625 22 -2.8473282442748094 -9.221374045801527 END
START -0.06870229007633588 0.198486328125 -0.11669921875 23 0.5572519083969466 -11.267175572519085 END
START -1.4122137404580153 0.2001953125 -0.015869140625 24 -0.9007633587786259 -10.01526717557252 END
START -0.37404580152671757 0.160888671875 -0.035400390625 25 1.1984732824427482 -16.374045801526716 END
START -0.9618320610687023 0.20166015625 -0.017578125 26 3.8625954198473282 -12.65648854961832 END
START -1.4351145038167938 0.228271484375 0.037841796875 27 1.0916030534351144 -15.488549618320612 END
START -2.3587786259541983 0.267333984375 0.009033203125 28 -0.22900763358778625 -12.206106870229007 END
START -2.5801526717557253 0.3203125 0.023681640625 29 -2.0916030534351147 -8.549618320610687 END
START -1.2366412213740459 0.3525390625 -0.009521484375 30 -2.9160305343511452 -6.374045801526718 END
START -0.366412213740458 0.3759765625 -0.06884765625 31 -3.015267175572519 -4.1603053435114505 END
START 1.2671755725190839 0.3369140625 -0.063720703125 32 -3.6946564885496183 -5.641221374045801 END
START 0.183206106870229 0.271484375 0.001953125 33 -0.7099236641221374 -3.1603053435114505 END
START -0.31297709923664124 0.25048828125 0.02099609375 34 -0.7633587786259542 -1.6488549618320612 END
START 0.37404580152671757 0.25390625 -0.02685546875 35 -0.05343511450381679 -0.916030534351145 END
START 0.5801526717557252 0.271728515625 -0.033447265625 36 -0.022900763358778626 -0.8702290076335878 END
START 0.549618320610687 0.264404296875 -0.01806640625 37 0.09923664122137404 -1.5725190839694656 END
START 0.3816793893129771 0.255615234375 -0.03271484375 38 0.4732824427480916 -1.0916030534351144 END
START 0.6946564885496184 0.25048828125 -0.0419921875 39 1.2290076335877862 -1.3129770992366412 END
START -0.2366412213740458 0.274169921875 -0.029296875 40 0.6717557251908397 -0.22137404580152673 END
START -0.44274809160305345 0.277587890625 -0.01513671875 41 0.7786259541984732 -1.0534351145038168 END
START -0.40458015267175573 0.2939453125 -0.0224609375 42 0.2748091603053435 0.24427480916030533 END
START -0.5343511450381679 0.281982421875 0.01513671875 43 -0.183206106870229 -1.8549618320610688 END
START -0.4961832061068702 0.296142578125 -0.005615234375 44 -0.7557251908396947 0.25190839694656486 END
START 0.19083969465648856 0.274169921875 -0.02880859375 45 -0.16793893129770993 -0.13740458015267176 END
START 0.061068702290076333 0.27978515625 0.01123046875 46 -0.2748091603053435 -0.26717557251908397 END
START -0.2824427480916031 0.2626953125 -0.001708984375 47 -0.3282442748091603 -0.35877862595419846 END
START -0.21374045801526717 0.276123046875 -0.023193359375 48 0.20610687022900764 -0.22137404580152673 END
START 0.06870229007633588 0.294921875 -0.031982421875 49 0.5190839694656488 -0.37404580152671757 END
START 0.25190839694656486 0.29736328125 -0.039306640625 50 0.6717557251908397 -0.17557251908396945 END
START 0.22137404580152673 0.29931640625 -0.01953125 51 0.8931297709923665 0.25190839694656486 END
START 0.030534351145038167 0.28564453125 -0.009033203125 52 0.7175572519083969 0.7862595419847328 END
START -0.13740458015267176 0.278076171875 0.0009765625 53 0.8931297709923665 0.4580152671755725 END
START 0.33587786259541985 0.295654296875 -0.02490234375 54 0.2748091603053435 0.9923664122137404 END
START 0.1984732824427481 0.280517578125 -0.003173828125 55 -0.07633587786259542 0.45038167938931295 END
START 0.2824427480916031 0.28076171875 -0.004150390625 56 -0.10687022900763359 0.15267175572519084 END
START 0.08396946564885496 0.26171875 -0.0078125 57 -0.04580152671755725 0.33587786259541985 END
START -0.11450381679389313 0.269775390625 -0.0048828125 58 -0.09923664122137404 0.2748091603053435 END
START 0.24427480916030533 0.296142578125 -0.034423828125 59 0.5419847328244275 0.1450381679389313 END
START 0.24427480916030533 0.287109375 -0.020263671875 60 0.45038167938931295 0.25190839694656486 END
START -0.12213740458015267 0.267822265625 -0.00634765625 61 0.3511450381679389 0.48091603053435117 END
START -0.030534351145038167 0.2822265625 -0.01416015625 62 0.16793893129770993 0.3969465648854962 END
START 0.15267175572519084 0.276123046875 -0.0126953125 63 -0.022900763358778626 0.5190839694656488 END
START 0.3511450381679389 0.295654296875 -0.02490234375 64 -0.06870229007633588 0.26717557251908397 END
START 0.022900763358778626 0.258544921875 0.006591796875 65 -0.5343511450381679 -0.19083969465648856 END
START 0.030534351145038167 0.25927734375 -0.013916015625 66 -0.6106870229007634 -0.7404580152671756 END
START 0.16793893129770993 0.268310546875 -0.00927734375 67 -0.5572519083969466 -0.6030534351145038 END
START 0.33587786259541985 0.286376953125 -0.02099609375 68 -0.5114503816793893 -0.46564885496183206 END
START 0.5190839694656488 0.29248046875 -0.025634765625 69 -0.21374045801526717 -0.29770992366412213 END
START 0.3969465648854962 0.290771484375 -0.019775390625 70 0.22900763358778625 0.19083969465648856 END
START 0.2748091603053435 0.28271484375 -0.010009765625 71 0.2900763358778626 0.2366412213740458 END
START 0.16793893129770993 0.275146484375 -0.004150390625 72 -0.06870229007633588 0.3053435114503817 END
START 0.13740458015267176 0.27490234375 -0.010986328125 73 0.08396946564885496 0.022900763358778626 END
START -0.05343511450381679 0.269775390625 0.01318359375 74 -0.3282442748091603 0.16030534351145037 END
START 0.22900763358778625 0.271728515625 -0.00244140625 75 -0.3893129770992366 -1.9465648854961832 END
START 0.04580152671755725 0.2734375 -0.006103515625 76 -0.6259541984732825 -0.33587786259541985 END
START 0.15267175572519084 0.2802734375 -0.01953125 77 -0.2595419847328244 -0.366412213740458 END
START 0.2824427480916031 0.292236328125 -0.029541015625 78 0.030534351145038167 0.10687022900763359 END
START 0.48854961832061067 0.296875 -0.01904296875 79 -0.04580152671755725 0.07633587786259542 END
START 0.25190839694656486 0.296630859375 -0.002685546875 80 -0.2900763358778626 0.05343511450381679 END
START 0.35877862595419846 0.276611328125 -0.013916015625 81 -1.8931297709923665 -0.0916030534351145 END