START 3.4580152671755724 0.30517578125 -0.020751953125 2 -2.885496183206107 10.877862595419847 END
START 2.450381679389313 0.23828125 0.033203125 3 -3.3435114503816794 9.854961832061068 END
START 1.9465648854961832 0.20556640625 0.010986328125 4 -2.954198473282443 9.641221374045802 END
START 1.183206106870229 0.180908203125 0.0107421875 5 -2.786259541984733 7.916030534351145 END
START 0.5343511450381679 0.136474609375 0.01123046875 6 -1.6717557251908397 6.129770992366412 END
START 0.17557251908396945 0.130615234375 -0.02490234375 7 -0.9847328244274809 4.755725190839694 END
START 0.03816793893129771 0.130126953125 -0.041259765625 8 -0.061068702290076333 3.7022900763358777 END
START 0.022900763358778626 0.13525390625 -0.046142578125 9 0.4732824427480916 2.0839694656488548 END
START -0.022900763358778626 0.158447265625 -0.04833984375 10 1.4045801526717556 1.6106870229007633 END
START 1.9465648854961832 0.15771484375 -0.041259765625 11 1.7633587786259541 1.5190839694656488 END
START -0.1297709923664122 0.1689453125 -0.031982421875 12 1.5725190839694656 0.8702290076335878 END
START -0.16793893129770993 0.166748046875 -0.026611328125 13 1.6793893129770991 0.061068702290076333 END
START -0.2366412213740458 0.164794921875 -0.0224609375 14 1.5419847328244274 -0.46564885496183206 END
START -0.3511450381679389 0.170654296875 -0.00439453125 15 1.6412213740458015 -0.6946564885496184 END
START -0.5267175572519084 0.177978515625 -0.006103515625 16 1.5648854961832062 -1.0534351145038168 END
START -0.48091603053435117 0.1904296875 -0.00537109375 17 1.2671755725190839 -1.4961832061068703 END
START -0.2824427480916031 0.205322265625 -0.030029296875 18 1.366412213740458 -2.2977099236641223 END
START -0.0916030534351145 0.211181640625 -0.028076171875 19 1.16793893129771 -2.984732824427481 END
START -0.022900763358778626 0.208740234375 -0.025634765625 20 1.16793893129771 -3.3282442748091605 END
START -0.05343511450381679 0.1962890625 -0.01953125 21 1.366412213740458 -4.106870229007634 END
START -1.9541984732824427 0.1953125 -0.018798828125 22 1.5725190839694656 -5.106870229007634 END
START 0.1450381679389313 0.197509765625 -0.031982421875 23 2.2290076335877864 -5.748091603053435 END
START 0.366412213740458 0.202392578125 -0.0322265625 24 2.3740458015267176 -6.809160305343512 END
START 0.5190839694656488 0.201904296875 -0.015869140625 25 3.099236641221374 -7.8396946564885495 END
START 1.9312977099236641 0.166748046875 0.003662109375 26 3.0763358778625953 -7.732824427480916 END
START -0.8091603053435115 0.168212890625 0.0546875 27 2.5877862595419847 -9.65648854961832 END
START -0.2900763358778626 0.164306640625 -0.024658203125 28 3.954198473282443 -10.183206106870228 END
START -0.6946564885496184 0.216552734375 0.02197265625 29 4.4961832061068705 -10.557251908396946 END
START -1.4427480916030535 0.186279296875 0.03662109375 30 4.244274809160306 -11.374045801526718 END
START -1.2442748091603053 0.214111328125 0.031982421875 31 3.4885496183206106 -11.511450381679388 END
START -1.2671755725190839 0.26416015625 0.025634765625 32 3.435114503816794 -10.946564885496183 END
START -1.2442748091603053 0.306640625 0.01171875 33 3.381679389312977 -9.786259541984732 END
START -1.0458015267175573 0.3515625 0.00048828125 34 3.267175572519084 -8.076335877862595 END
START -0.8091603053435115 0.38232421875 0.004150390625 35 2.183206106870229 -6.152671755725191 END
START -0.8320610687022901 0.39111328125 0.01806640625 36 1.1297709923664123 -4.442748091603053 END
START -0.648854961832061 0.385498046875 0.021728515625 37 0.061068702290076333 -2.877862595419847 END
START -0.4961832061068702 0.377685546875 0.01171875 38 -0.816793893129771 -1.2671755725190839 END
START -0.5114503816793893 0.370361328125 0.010009765625 39 -1.5572519083969465 -0.06870229007633588 END
START -0.48091603053435117 0.32763671875 0.004638671875 40 -1.8396946564885497 0.19083969465648856 END
START -0.33587786259541985 0.2841796875 -0.0068359375 41 -1.5267175572519085 -0.15267175572519084 END
START -0.2748091603053435 0.2578125 -0.0029296875 42 -1.0381679389312977 -0.5419847328244275 END
START -0.4732824427480916 0.240966796875 0.005615234375 43 -0.8625954198473282 -1.3282442748091603 END
START -0.5725190839694656 0.23876953125 0.00048828125 44 -0.3969465648854962 -2.0839694656488548 END
START -0.35877862595419846 0.251708984375 -0.014404296875 45 -0.26717557251908397 -2.4885496183206106 END
START -0.2900763358778626 0.270263671875 0.0087890625 46 -0.5114503816793893 -1.9770992366412214 END
START -1.8931297709923665 0.3037109375 -0.000732421875 47 -1.015267175572519 -0.45038167938931295 END
START 0.25190839694656486 0.295654296875 -0.004638671875 48 -0.7557251908396947 0.37404580152671757 END
START 0.5572519083969466 0.281005859375 -0.00341796875 49 -0.3282442748091603 0.8473282442748091 END
START 0.6793893129770993 0.26123046875 0.007568359375 50 -0.6946564885496184 0.5190839694656488 END
START 0.40458015267175573 0.251708984375 0.005126953125 51 -0.7175572519083969 -0.366412213740458 END
START 0.25190839694656486 0.2431640625 0.010498046875 52 -0.6335877862595419 -0.8854961832061069 END
START 0.19083969465648856 0.260986328125 0.00439453125 53 -0.015267175572519083 -1.297709923664122 END
START 0.33587786259541985 0.27392578125 -0.0087890625 54 -0.2595419847328244 -1.0534351145038168 END
START 0.22900763358778625 0.28759765625 0.000244140625 55 -0.1297709923664122 -0.6259541984732825 END
START 0.16030534351145037 0.296142578125 -0.0029296875 56 -0.31297709923664124 0.3969465648854962 END
START -0.11450381679389313 0.2841796875 0.009521484375 57 -0.48091603053435117 0.8396946564885496 END
START 0.022900763358778626 0.2783203125 -0.000732421875 58 -0.2900763358778626 1.0381679389312977 END
START 0.030534351145038167 0.27001953125 -0.008544921875 59 -0.22900763358778625 0.6030534351145038 END
START -0.33587786259541985 0.25537109375 0.00244140625 60 -0.7557251908396947 0.32061068702290074 END
START 0.2366412213740458 0.25830078125 -0.01416015625 61 -0.4961832061068702 -0.24427480916030533 END
START 0.4198473282442748 0.27099609375 0.004150390625 62 -0.6641221374045801 -0.648854961832061 END
START 0.4732824427480916 0.267822265625 -0.01123046875 63 0.21374045801526717 0.061068702290076333 END
START 0.5038167938931297 0.287841796875 -0.004150390625 64 0.10687022900763359 0.42748091603053434 END
START 0.5343511450381679 0.267822265625 -0.00244140625 65 0.45038167938931295 0.6564885496183206 END
START 0.7099236641221374 0.279541015625 -0.003173828125 66 0.16030534351145037 0.7557251908396947 END
START 0.07633587786259542 0.2607421875 0.012939453125 67 0.15267175572519084 0.7786259541984732 END
START -0.061068702290076333 0.261474609375 0.01513671875 68 0.12213740458015267 0.3435114503816794 END
START -0.25190839694656486 0.26025390625 0.01220703125 69 0.08396946564885496 0.20610687022900764 END
START -0.32061068702290074 0.257568359375 0.005615234375 70 -0.10687022900763359 -0.33587786259541985 END
START -0.45038167938931295 0.26220703125 0.00048828125 71 -0.21374045801526717 -0.4732824427480916 END
START -0.1984732824427481 0.272705078125 -0.003662109375 72 -0.15267175572519084 -0.3893129770992366 END
START 0.2595419847328244 0.2783203125 -0.003173828125 73 -0.2824427480916031 -0.061068702290076333 END
START 0.6641221374045801 0.2822265625 -0.001953125 74 -0.19083969465648856 0.40458015267175573 END
START 0.6412213740458015 0.2724609375 0.002197265625 75 -0.2900763358778626 0.648854961832061 END
START 0.5801526717557252 0.274658203125 -0.00537109375 76 0.015267175572519083 0.31297709923664124 END
START 0.32061068702290074 0.260498046875 0.014404296875 77 0.16793893129770993 0.16030534351145037 END
START 0.35877862595419846 0.2607421875 -0.005615234375 78 0.33587786259541985 -0.24427480916030533 END
START 0.2900763358778626 0.2705078125 -0.009765625 79 0.20610687022900764 -0.24427480916030533 END
START 0.11450381679389313 0.272216796875 -0.010009765625 80 0.4198473282442748 -0.11450381679389313 END
START -0.04580152671755725 0.273681640625 0.00732421875 81 0.061068702290076333 0.3969465648854962 END
START -0.17557251908396945 0.277099609375 -0.000244140625 82 -0.09923664122137404 0.5801526717557252 END
START -0.26717557251908397 0.27685546875 -0.002197265625 83 -0.31297709923664124 0.44274809160305345 END