START -0.366412213740458 0.30224609375 0.009765625 2 -4.541984732824427 10.458015267175572 END
START -0.05343511450381679 0.2841796875 -0.017578125 3 -4.251908396946565 9.045801526717558 END
START -0.2595419847328244 0.249267578125 0.00244140625 4 -4.297709923664122 8.374045801526718 END
START -0.3816793893129771 0.210693359375 -0.009033203125 5 -3.6030534351145036 6.251908396946565 END
START -0.45038167938931295 0.201416015625 -0.0107421875 6 -2.2442748091603053 5.816793893129771 END
START -0.45038167938931295 0.2080078125 -0.0107421875 7 -2.3740458015267176 4.778625954198473 END
START -1.8854961832061068 0.19482421875 -0.019775390625 8 -1.6412213740458015 3.66412213740458 END
START 0.6183206106870229 0.246826171875 -0.032470703125 9 -1.1526717557251909 4.396946564885496 END
START 1.3969465648854962 0.250732421875 -0.04443359375 10 -0.9236641221374046 4.1603053435114505 END
START 3.5267175572519083 0.3486328125 -0.10888671875 11 -0.366412213740458 6.145038167938932 END
START 3.885496183206107 0.33642578125 -0.031982421875 12 -1.5419847328244274 10.335877862595419 END
START 3.213740458015267 0.29345703125 -0.021484375 13 -2.8473282442748094 10.297709923664122 END
START 0.9847328244274809 0.17529296875 0.05517578125 14 -3.0229007633587788 7.1679389312977095 END
START 0.7709923664122137 0.097412109375 -0.013427734375 15 -2.4885496183206106 4.809160305343512 END
START 1.2290076335877862 0.095703125 -0.0361328125 16 -0.6717557251908397 3.8931297709923665 END
START 0.17557251908396945 0.105224609375 -0.017333984375 17 0.4122137404580153 2.1526717557251906 END
START 0.6183206106870229 0.124267578125 -0.020751953125 18 2.1526717557251906 0.9694656488549618 END
START -0.26717557251908397 0.15576171875 0.008544921875 19 1.7557251908396947 1.213740458015267 END
START -0.16793893129770993 0.156982421875 0.008056640625 20 0.9389312977099237 0.7022900763358778 END
START 1.9465648854961832 0.197265625 -0.0166015625 21 0.7404580152671756 0.7251908396946565 END
START -0.7404580152671756 0.19970703125 0.044921875 22 -0.8931297709923665 1.015267175572519 END
START -0.5190839694656488 0.185302734375 -0.03125 23 -1.3206106870229009 1.8473282442748091 END
START -1.183206106870229 0.13818359375 0.0048828125 24 -1.6641221374045803 -2.404580152671756 END
START -1.4122137404580153 0.125244140625 -0.027587890625 25 -0.7404580152671756 -3.9923664122137406 END
START -2.053435114503817 0.131591796875 -0.003662109375 26 -0.7633587786259542 -5.152671755725191 END
START -1.8015267175572518 0.14794921875 -0.042724609375 27 -0.7938931297709924 -7.290076335877862 END
START -1.1450381679389312 0.1904296875 -0.077880859375 28 0.9389312977099237 -9.587786259541986 END
START -1.099236641221374 0.19384765625 -0.049560546875 29 2.183206106870229 -10.778625954198473 END
START -0.9465648854961832 0.2109375 -0.03564453125 30 2.7022900763358777 -12.32824427480916 END
START 1.366412213740458 0.252685546875 -0.117431640625 31 4.297709923664122 -13.50381679389313 END
START 3.198473282442748 0.310302734375 -0.12451171875 32 6.763358778625954 -12.274809160305344 END
START 3.8244274809160306 0.33642578125 -0.037353515625 33 8.664122137404581 -14.274809160305344 END
START 2.053435114503817 0.268798828125 0.033203125 34 11.236641221374045 -13.48091603053435 END
START -1.3435114503816794 0.23291015625 0.229736328125 35 2.633587786259542 -8.870229007633588 END
START -1.4351145038167938 0.3203125 0.0908203125 36 -0.3893129770992366 -4.175572519083969 END
START 0.29770992366412213 0.355224609375 -0.021728515625 37 -3.7480916030534353 -3.9770992366412212 END
START 0.48091603053435117 0.30517578125 -0.027587890625 38 -1.5114503816793894 -3.7786259541984735 END
START -0.5114503816793893 0.244140625 0.013671875 39 -1.1908396946564885 -3.66412213740458 END
START -1.9083969465648856 0.241943359375 -0.010498046875 40 -1.9236641221374047 -4.633587786259542 END
START 0.16030534351145037 0.27099609375 -0.03466796875 41 0.9694656488549618 -4.648854961832061 END
START 0.7557251908396947 0.2919921875 -0.03515625 42 1.3740458015267176 -4.519083969465649 END
START 1.0687022900763359 0.33349609375 -0.030517578125 43 3.885496183206107 -2.595419847328244 END
START 0.816793893129771 0.3427734375 0.00439453125 44 0.46564885496183206 -0.48091603053435117 END
START 1.0229007633587786 0.328857421875 0.00634765625 45 -1.083969465648855 1.5954198473282444 END
START 1.2748091603053435 0.288330078125 -0.00146484375 46 -1.2213740458015268 0.15267175572519084 END
START 0.5801526717557252 0.249267578125 0.024169921875 47 -1.1374045801526718 -0.7480916030534351 END
START 1.9465648854961832 0.241943359375 0.023193359375 48 -0.6259541984732825 -1.4274809160305344 END
START -0.05343511450381679 0.26123046875 0.003662109375 49 0.03816793893129771 -1.7251908396946565 END
START -0.9770992366412213 0.28759765625 -0.173583984375 50 0.8854961832061069 7.7251908396946565 END
START 1.8931297709923665 0.281494140625 -0.040283203125 51 3.7480916030534353 5.641221374045801 END
START -0.061068702290076333 0.281494140625 -0.007080078125 52 1.282442748091603 1.83206106870229 END
START -0.10687022900763359 0.275634765625 -0.00244140625 53 1.5114503816793894 1.4427480916030535 END
START -0.37404580152671757 0.271484375 0.013427734375 54 0.9770992366412213 1.6641221374045803 END
START -0.5343511450381679 0.267578125 0.00146484375 55 0.7557251908396947 1.816793893129771 END
START -0.6335877862595419 0.280517578125 0.009765625 56 0.7557251908396947 1.8244274809160306 END
START -0.2824427480916031 0.266357421875 0.001220703125 57 0.7786259541984732 0.816793893129771 END
START 1.5877862595419847 0.295166015625 -0.053955078125 58 -3.8396946564885495 -2.5877862595419847 END
START 1.5114503816793894 0.293701171875 -0.00244140625 59 -3.435114503816794 -3.8091603053435112 END
START 1.381679389312977 0.273193359375 0.012939453125 60 -0.816793893129771 -4.068702290076335 END
START 1.8473282442748091 0.256591796875 0.03857421875 61 0.366412213740458 -1.8015267175572518 END
START -0.04580152671755725 0.26123046875 0.017578125 62 -0.3282442748091603 1.7709923664122138 END
START 1.916030534351145 0.26953125 0.00439453125 63 1.8473282442748091 -0.5267175572519084 END
START -0.061068702290076333 0.2958984375 -0.00341796875 64 -0.6030534351145038 1.213740458015267 END
START 0.061068702290076333 0.276123046875 0.0087890625 65 1.8931297709923665 0.5038167938931297 END
START 0.12213740458015267 0.26953125 -0.013427734375 66 -0.08396946564885496 -0.6335877862595419 END
START 0.6946564885496184 0.266357421875 0.01220703125 67 -0.29770992366412213 -1.1755725190839694 END
START 0.5877862595419847 0.29345703125 -0.0107421875 68 -1.9083969465648856 -1.3206106870229009 END
START 0.22137404580152673 0.304443359375 0.0078125 69 -0.3435114503816794 1.3740458015267176 END
START -0.10687022900763359 0.279296875 0.01318359375 70 0.16793893129770993 1.0 END
START -0.09923664122137404 0.280029296875 0.010986328125 71 -0.22137404580152673 0.8244274809160306 END
START -0.07633587786259542 0.264892578125 0.01025390625 72 -0.4122137404580153 -0.3053435114503817 END
START -0.04580152671755725 0.256103515625 0.003173828125 73 -0.31297709923664124 -0.7786259541984732 END
START 0.06870229007633588 0.25537109375 0.0068359375 74 -0.1984732824427481 -0.732824427480916 END
START 0.26717557251908397 0.295654296875 -0.0029296875 75 -0.21374045801526717 -0.31297709923664124 END
START 0.19083969465648856 0.28759765625 -0.014404296875 76 -0.06870229007633588 0.0 END
START 0.16793893129770993 0.289794921875 0.012451171875 77 0.06870229007633588 0.7175572519083969 END
START 0.04580152671755725 0.290283203125 -0.0126953125 78 0.20610687022900764 1.1221374045801527 END
START -0.04580152671755725 0.2890625 0.007080078125 79 -0.08396946564885496 1.3129770992366412 END
START -0.366412213740458 0.293701171875 0.006103515625 80 -0.4732824427480916 0.8396946564885496 END
START 0.007633587786259542 0.275390625 -0.009521484375 81 0.11450381679389313 0.17557251908396945 END
START 0.26717557251908397 0.271484375 0.006103515625 82 -0.25190839694656486 -0.9236641221374046 END
START 0.183206106870229 0.27001953125 -0.011474609375 83 0.04580152671755725 -0.6183206106870229 END
START 0.42748091603053434 0.281005859375 0.005859375 84 -0.21374045801526717 -0.6641221374045801 END
START 0.5114503816793893 0.293212890625 -0.015380859375 85 -0.3893129770992366 -0.1297709923664122 END
START 0.35877862595419846 0.29248046875 0.01171875 86 -0.7633587786259542 0.7022900763358778 END
START 0.3053435114503817 0.285400390625 -0.002685546875 87 -0.33587786259541985 0.7480916030534351 END
START 0.030534351145038167 0.265869140625 0.00830078125 88 0.03816793893129771 0.5190839694656488 END
START -0.1450381679389313 0.2646484375 0.000732421875 89 0.35877862595419846 0.35877862595419846 END
START -0.19083969465648856 0.27294921875 0.004150390625 90 0.2900763358778626 0.2748091603053435 END
START -0.21374045801526717 0.27978515625 0.003173828125 91 0.2366412213740458 0.07633587786259542 END
START -0.32061068702290074 0.2744140625 0.005126953125 92 0.13740458015267176 0.08396946564885496 END
START -0.061068702290076333 0.27880859375 0.00048828125 93 0.022900763358778626 -0.2366412213740458 END
START -0.07633587786259542 0.28955078125 -0.011962890625 94 0.030534351145038167 0.5419847328244275 END
START 0.0 0.2841796875 0.01318359375 95 -0.09923664122137404 0.1984732824427481 END
START -0.04580152671755725 0.279052734375 0.004638671875 96 -0.13740458015267176 0.24427480916030533 END
START 0.10687022900763359 0.276123046875 -0.01416015625 97 0.183206106870229 0.1297709923664122 END
START -0.15267175572519084 0.27490234375 0.012939453125 98 0.015267175572519083 0.5038167938931297 END
START -0.05343511450381679 0.267822265625 0.005126953125 99 0.32061068702290074 -1.9541984732824427 END
START -0.2824427480916031 0.27392578125 0.0068359375 100 0.25190839694656486 0.40458015267175573 END
START -0.25190839694656486 0.267333984375 0.004150390625 101 0.17557251908396945 0.20610687022900764 END
START -0.04580152671755725 0.2841796875 0.00244140625 102 1.9083969465648856 0.37404580152671757 END
START -0.11450381679389313 0.27978515625 0.004150390625 103 -0.061068702290076333 0.2595419847328244 END
START -0.11450381679389313 0.275146484375 0.005859375 104 0.0 1.9236641221374047 END
START -0.15267175572519084 0.2509765625 0.005615234375 105 0.1297709923664122 -0.17557251908396945 END
START 0.12213740458015267 0.26025390625 0.019775390625 106 -0.5038167938931297 -0.8702290076335878 END
START 0.04580152671755725 0.279052734375 0.011474609375 107 -0.48854961832061067 -0.5190839694656488 END
START 0.3893129770992366 0.288330078125 0.0146484375 108 0.015267175572519083 -1.9541984732824427 END