START 2.3282442748091605 0.1630859375 -0.0341796875 2 3.7709923664122136 -6.6106870229007635 END
START 1.6870229007633588 0.144775390625 0.02001953125 3 3.816793893129771 -7.244274809160306 END
START 1.8015267175572518 0.1484375 0.00439453125 4 4.549618320610687 -8.84732824427481 END
START 1.5725190839694656 0.16650390625 0.012939453125 5 5.396946564885496 -9.748091603053435 END
START 1.2671755725190839 0.193115234375 0.037109375 6 5.343511450381679 -9.83206106870229 END
START 0.9465648854961832 0.225341796875 0.03125 7 5.549618320610687 -8.816793893129772 END
START 0.7022900763358778 0.220947265625 0.0380859375 8 5.083969465648855 -7.931297709923665 END
START 0.1297709923664122 0.257080078125 0.074951171875 9 5.175572519083969 -7.366412213740458 END
START -0.5419847328244275 0.260498046875 0.0927734375 10 4.5038167938931295 -6.9541984732824424 END
START -1.2061068702290076 0.251220703125 0.119873046875 11 3.717557251908397 -6.015267175572519 END
START -2.66412213740458 0.2294921875 0.162353515625 12 3.5343511450381677 -4.709923664122138 END
START -3.732824427480916 0.216064453125 0.181640625 13 -0.32061068702290074 -4.396946564885496 END
START -4.1603053435114505 0.218017578125 0.171142578125 14 -0.9007633587786259 -4.190839694656488 END
START -5.137404580152672 0.193115234375 0.211181640625 15 -0.04580152671755725 -3.1297709923664123 END
START -5.885496183206107 0.163330078125 0.29736328125 16 -5.229007633587786 -1.2290076335877862 END
START -10.267175572519085 0.15576171875 0.321533203125 17 -9.511450381679388 0.16793893129770993 END
START -11.13740458015267 0.169677734375 0.22509765625 18 -10.694656488549619 0.1984732824427481 END
START -12.427480916030534 0.19775390625 0.17822265625 19 -10.679389312977099 -0.13740458015267176 END
START -13.0 0.19970703125 0.16796875 20 -14.007633587786259 1.2900763358778626 END
START -12.664122137404581 0.19775390625 0.1123046875 21 -14.83206106870229 2.5419847328244276 END
START -11.923664122137405 0.201416015625 0.058349609375 22 -14.358778625954198 1.8931297709923665 END
START -11.404580152671755 0.197265625 0.0322265625 23 -13.770992366412214 1.7633587786259541 END
START -11.251908396946565 0.2060546875 -0.01025390625 24 -12.435114503816793 3.030534351145038 END
START -10.01526717557252 0.244140625 -0.0244140625 25 -14.412213740458014 2.6030534351145036 END
START -8.694656488549619 0.255126953125 -0.09033203125 26 -11.938931297709924 2.236641221374046 END
START -6.809160305343512 0.296630859375 -0.1552734375 27 -10.625954198473282 2.427480916030534 END
START -5.709923664122138 0.318115234375 -0.169921875 28 -10.282442748091603 3.5267175572519083 END
START -4.67175572519084 0.33642578125 -0.16455078125 29 -10.625954198473282 3.877862595419847 END
START -3.33587786259542 0.335693359375 -0.204345703125 30 -9.465648854961833 4.442748091603053 END
START -3.7251908396946565 0.32861328125 -0.217529296875 31 -9.34351145038168 4.648854961832061 END
START -0.7099236641221374 0.31982421875 -0.226806640625 32 -8.748091603053435 5.015267175572519 END
START 0.25190839694656486 0.318603515625 -0.23291015625 33 -8.122137404580153 4.038167938931298 END
START 0.8931297709923665 0.288330078125 -0.220703125 34 -7.778625954198473 6.374045801526718 END
START 1.5419847328244274 0.259765625 -0.223876953125 35 -6.404580152671755 6.251908396946565 END
START 2.3969465648854964 0.267578125 -0.2646484375 36 -3.7022900763358777 7.396946564885496 END
START 4.3893129770992365 0.294921875 -0.29052734375 37 -3.6564885496183206 8.236641221374045 END
START 5.694656488549619 0.296142578125 -0.312255859375 38 -0.13740458015267176 8.65648854961832 END
START 5.320610687022901 0.241455078125 -0.23193359375 39 0.8702290076335878 7.114503816793893 END
START 5.022900763358779 0.218017578125 -0.19140625 40 2.4580152671755724 6.404580152671755 END
START 4.702290076335878 0.21728515625 -0.2138671875 41 3.4656488549618323 5.9465648854961835 END
START 4.251908396946565 0.22998046875 -0.198486328125 42 5.290076335877862 5.038167938931298 END
START 4.740458015267175 0.26123046875 -0.231689453125 43 5.511450381679389 4.0534351145038165 END
START 6.641221374045801 0.301513671875 -0.288330078125 44 7.427480916030534 3.7786259541984735 END
START 7.312977099236641 0.30859375 -0.244873046875 45 8.244274809160306 3.49618320610687 END
START 7.7251908396946565 0.2841796875 -0.17138671875 46 8.82442748091603 3.0916030534351147 END
START 7.213740458015267 0.250732421875 -0.090087890625 47 9.48091603053435 3.236641221374046 END
START 6.8396946564885495 0.260986328125 -0.059326171875 48 8.48091603053435 3.50381679389313 END
START 7.221374045801527 0.25732421875 -0.06005859375 49 8.83206106870229 3.717557251908397 END
START 7.374045801526718 0.26171875 -0.036376953125 50 9.389312977099237 3.2977099236641223 END
START 8.0 0.2392578125 -0.010498046875 51 9.893129770992367 3.4885496183206106 END
START 8.450381679389313 0.224365234375 0.003662109375 52 10.282442748091603 4.145038167938932 END
START 8.458015267175572 0.19677734375 0.044189453125 53 9.16030534351145 4.198473282442748 END
START 8.099236641221374 0.150146484375 0.114013671875 54 9.603053435114504 2.435114503816794 END
START 7.923664122137405 0.139892578125 0.124267578125 55 9.641221374045802 1.3053435114503817 END
START 6.8320610687022905 0.10009765625 0.186279296875 56 9.969465648854962 1.984732824427481 END
START 4.900763358778626 0.083984375 0.265380859375 57 7.091603053435114 1.8549618320610688 END
START 3.0076335877862594 0.0595703125 0.300048828125 58 6.00763358778626 1.6488549618320612 END
START 2.045801526717557 0.072998046875 0.2666015625 59 2.946564885496183 0.9236641221374046 END
START 1.6106870229007633 0.1015625 0.2236328125 60 2.1374045801526718 0.5114503816793893 END
START 1.3282442748091603 0.115234375 0.189697265625 61 0.5725190839694656 0.19083969465648856 END
START 0.8473282442748091 0.12060546875 0.172607421875 62 -0.7022900763358778 -0.29770992366412213 END
START 0.030534351145038167 0.119384765625 0.14892578125 63 -2.5267175572519083 -0.3435114503816794 END
START 0.22137404580152673 0.13427734375 0.064697265625 64 -2.6030534351145036 -1.4580152671755726 END
START 0.022900763358778626 0.14794921875 0.0361328125 65 -3.0076335877862594 -1.900763358778626 END
START -0.09923664122137404 0.16162109375 -0.0048828125 66 -3.83206106870229 -1.8396946564885497 END
START -0.2900763358778626 0.186279296875 -0.038330078125 67 -1.83206106870229 -0.7709923664122137 END
START -0.04580152671755725 0.20166015625 -0.033447265625 68 -3.7938931297709924 -0.366412213740458 END
START -0.3816793893129771 0.207763671875 -0.06982421875 69 -1.702290076335878 0.8244274809160306 END
START -0.3282442748091603 0.19140625 -0.072509765625 70 -1.816793893129771 0.916030534351145 END
START -0.06870229007633588 0.18408203125 -0.092041015625 71 -1.6488549618320612 0.5877862595419847 END
START -0.05343511450381679 0.16796875 -0.09716796875 72 -0.816793893129771 0.183206106870229 END
START -0.06870229007633588 0.160400390625 -0.06787109375 73 -0.9389312977099237 -0.22137404580152673 END
START -0.007633587786259542 0.146240234375 -0.0732421875 74 0.1450381679389313 -0.3816793893129771 END
START 0.4961832061068702 0.1669921875 -0.07177734375 75 0.8015267175572519 -1.083969465648855 END
START 0.7938931297709924 0.2001953125 -0.06591796875 76 1.5190839694656488 -0.9465648854961832 END
START 0.6870229007633588 0.198486328125 -0.004638671875 77 0.8702290076335878 -0.48854961832061067 END
START 0.732824427480916 0.207763671875 -0.0166015625 78 0.9465648854961832 0.1297709923664122 END
START 0.6564885496183206 0.199462890625 -0.00146484375 79 1.0229007633587786 0.6259541984732825 END
START 0.7251908396946565 0.172607421875 0.0185546875 80 0.6564885496183206 0.6259541984732825 END
START 0.24427480916030533 0.179931640625 0.021484375 81 -0.6717557251908397 1.0076335877862594 END
START 0.33587786259541985 0.141357421875 0.014892578125 82 -0.16793893129770993 -0.09923664122137404 END
START 0.03816793893129771 0.156005859375 0.01171875 83 -0.19083969465648856 -0.08396946564885496 END
START -0.022900763358778626 0.155517578125 0.007568359375 84 -0.1297709923664122 -0.8854961832061069 END
START -0.5190839694656488 0.18701171875 0.01708984375 85 -0.5801526717557252 -0.25190839694656486 END
START -0.2366412213740458 0.196533203125 -0.0048828125 86 -0.4122137404580153 -0.5190839694656488 END
START -0.22137404580152673 0.20849609375 -0.022216796875 87 -0.7480916030534351 0.3282442748091603 END
START 0.06870229007633588 0.212890625 -0.04345703125 88 -0.48854961832061067 0.5038167938931297 END
START 0.32061068702290074 0.193359375 -0.04052734375 89 -0.3511450381679389 0.9847328244274809 END
START 0.1450381679389313 0.169677734375 -0.021240234375 90 -0.7633587786259542 0.09923664122137404 END
START 0.03816793893129771 0.164794921875 -0.0390625 91 0.06870229007633588 -0.3816793893129771 END
START -0.16793893129770993 0.17041015625 -0.029541015625 92 0.20610687022900764 -0.37404580152671757 END
START -0.40458015267175573 0.164306640625 -0.02294921875 93 0.4198473282442748 -0.5114503816793893 END
START -0.42748091603053434 0.15673828125 -0.0234375 94 0.31297709923664124 -0.5419847328244275 END
START -0.6412213740458015 0.194580078125 -0.017578125 95 0.35877862595419846 -1.916030534351145 END
START -0.4580152671755725 0.213623046875 -0.0224609375 96 0.08396946564885496 0.8549618320610687 END
START 0.33587786259541985 0.224853515625 -0.0458984375 97 -1.9541984732824427 1.0381679389312977 END
START 0.2366412213740458 0.216796875 -0.017333984375 98 -0.26717557251908397 1.381679389312977 END
START 0.015267175572519083 0.16796875 -0.005859375 99 -0.37404580152671757 0.5419847328244275 END
START 0.183206106870229 0.159423828125 -0.013427734375 100 -0.32061068702290074 -0.366412213740458 END
START 0.05343511450381679 0.152587890625 -0.0087890625 101 -0.3053435114503817 -1.0381679389312977 END
START 0.007633587786259542 0.1416015625 -0.010986328125 102 0.13740458015267176 -1.3969465648854962 END
START -0.1297709923664122 0.173095703125 -0.009765625 103 0.4732824427480916 -0.648854961832061 END
START -0.007633587786259542 0.1904296875 -0.025146484375 104 0.6870229007633588 0.2595419847328244 END
START 0.4351145038167939 0.2138671875 -0.0439453125 105 0.9465648854961832 1.16793893129771 END
START 0.48091603053435117 0.212158203125 -0.028076171875 106 0.7251908396946565 1.7328244274809161 END
START 0.22900763358778625 0.198974609375 -0.02001953125 107 0.4198473282442748 1.8854961832061068 END
START -0.25190839694656486 0.165283203125 -0.007568359375 108 0.24427480916030533 0.9694656488549618 END
START -0.09923664122137404 0.17138671875 -0.031005859375 109 0.6183206106870229 1.900763358778626 END
START -0.33587786259541985 0.140869140625 -0.007568359375 110 0.3816793893129771 -0.732824427480916 END
START -0.2748091603053435 0.153076171875 -0.015380859375 111 0.4732824427480916 -1.16793893129771 END
START -0.366412213740458 0.178955078125 -0.003662109375 112 0.3282442748091603 -0.732824427480916 END
START -0.4198473282442748 0.19970703125 0.0146484375 113 -0.007633587786259542 -1.8549618320610688 END
START -0.15267175572519084 0.216796875 0.00244140625 114 -0.7633587786259542 1.0 END
START -0.03816793893129771 0.212646484375 -0.021484375 115 -0.7709923664122137 1.5801526717557253 END
START 0.16793893129770993 0.185546875 -0.012939453125 116 -0.7786259541984732 0.9923664122137404 END
START 0.16793893129770993 0.166015625 -0.010498046875 117 -0.7175572519083969 0.366412213740458 END