START 2.7786259541984735 0.173583984375 -0.02587890625 2 2.114503816793893 -2.3893129770992365 END
START 2.648854961832061 0.179443359375 -0.021240234375 3 2.8473282442748094 -2.9160305343511452 END
START 2.2595419847328246 0.162353515625 0.012939453125 4 1.5572519083969465 -3.564885496183206 END
START 1.816793893129771 0.17578125 0.017333984375 5 3.145038167938931 -2.7480916030534353 END
START 1.2595419847328244 0.16259765625 0.03173828125 6 1.5419847328244274 -3.480916030534351 END
START 1.3435114503816794 0.163818359375 0.0048828125 7 2.4198473282442747 -3.786259541984733 END
START 0.9694656488549618 0.158203125 0.035888671875 8 2.3969465648854964 -4.656488549618321 END
START 0.1984732824427481 0.134765625 0.06787109375 9 1.534351145038168 -4.9541984732824424 END
START -0.5954198473282443 0.12841796875 0.061767578125 10 1.0381679389312977 -5.129770992366412 END
START -0.9618320610687023 0.1357421875 0.044189453125 11 1.0916030534351144 -3.9236641221374047 END
START -0.9541984732824428 0.146240234375 0.017822265625 12 1.3206106870229009 -7.106870229007634 END
START -0.9541984732824428 0.14697265625 0.001953125 13 1.816793893129771 -8.221374045801527 END
START -1.4198473282442747 0.154541015625 0.042236328125 14 1.5572519083969465 -9.206106870229007 END
START -1.7099236641221374 0.184326171875 0.043701171875 15 1.4274809160305344 -9.381679389312977 END
START -1.549618320610687 0.235595703125 0.005615234375 16 1.8473282442748091 -9.458015267175572 END
START -1.2213740458015268 0.275146484375 0.003173828125 17 2.4198473282442747 -8.83206106870229 END
START -1.8549618320610688 0.314208984375 0.052734375 18 2.0916030534351147 -5.969465648854962 END
START -3.312977099236641 0.321044921875 0.10302734375 19 0.48091603053435117 -2.9160305343511452 END
START -3.7709923664122136 0.3310546875 0.100830078125 20 -0.8091603053435115 -1.0458015267175573 END
START -3.885496183206107 0.333984375 0.078857421875 21 -1.7709923664122138 -1.83206106870229 END
START -3.6106870229007635 0.3359375 0.064697265625 22 -2.564885496183206 1.717557251908397 END
START -3.9083969465648853 0.325927734375 0.09521484375 23 -4.076335877862595 3.4427480916030535 END
START -5.221374045801527 0.256591796875 0.1796875 24 -6.694656488549619 4.488549618320611 END
START -6.305343511450381 0.22412109375 0.20263671875 25 -9.061068702290076 6.0534351145038165 END
START -7.732824427480916 0.19140625 0.179931640625 26 -10.541984732824428 7.229007633587786 END
START -8.16793893129771 0.169921875 0.140380859375 27 -12.007633587786259 6.374045801526718 END
START -8.786259541984732 0.13671875 0.05078125 28 -10.541984732824428 4.717557251908397 END
START -8.534351145038167 0.1162109375 0.01708984375 29 -10.625954198473282 2.8091603053435112 END
START -7.8320610687022905 0.12109375 -0.0341796875 30 -8.061068702290076 3.8244274809160306 END
START -7.198473282442748 0.111572265625 -0.0341796875 31 -7.374045801526718 1.7786259541984732 END
START -7.351145038167939 0.1220703125 -0.002197265625 32 -6.847328244274809 1.4351145038167938 END
START -7.152671755725191 0.11962890625 -0.013916015625 33 -6.8320610687022905 0.04580152671755725 END
START -6.557251908396947 0.13037109375 -0.051025390625 34 -6.0534351145038165 -0.6793893129770993 END
START -6.3893129770992365 0.1806640625 -0.057861328125 35 -6.0 -0.6259541984732825 END
START -5.916030534351145 0.207275390625 -0.072265625 36 -6.687022900763359 -0.6030534351145038 END
START -4.572519083969466 0.270751953125 -0.141845703125 37 -6.282442748091603 -0.6030534351145038 END
START -3.49618320610687 0.334716796875 -0.18115234375 38 -5.259541984732825 0.3435114503816794 END
START -2.2900763358778624 0.37890625 -0.195068359375 39 -5.8396946564885495 1.534351145038168 END
START -0.9389312977099237 0.389404296875 -0.204833984375 40 -7.572519083969466 2.6564885496183206 END
START 0.11450381679389313 0.393798828125 -0.223388671875 41 -4.923664122137405 3.6412213740458017 END
START 0.8931297709923665 0.385498046875 -0.221435546875 42 -4.259541984732825 4.030534351145038 END
START 1.381679389312977 0.361328125 -0.212646484375 43 -4.015267175572519 7.198473282442748 END
START 2.312977099236641 0.34716796875 -0.224853515625 44 -2.66412213740458 7.763358778625954 END
START 3.2977099236641223 0.32470703125 -0.22802734375 45 -1.3358778625954197 8.083969465648854 END
START 3.8473282442748094 0.3017578125 -0.228759765625 46 0.3282442748091603 9.595419847328245 END
START 4.091603053435114 0.282958984375 -0.17919921875 47 0.10687022900763359 10.389312977099237 END
START 5.106870229007634 0.268310546875 -0.2080078125 48 0.5572519083969466 10.01526717557252 END
START 6.893129770992366 0.274169921875 -0.240966796875 49 0.732824427480916 7.8320610687022905 END
START 7.244274809160306 0.24951171875 -0.209716796875 50 3.7404580152671754 6.763358778625954 END
START 7.267175572519084 0.236083984375 -0.16162109375 51 3.7709923664122136 5.908396946564886 END
START 7.32824427480916 0.1962890625 -0.14697265625 52 4.129770992366412 5.0458015267175576 END
START 7.427480916030534 0.190673828125 -0.159423828125 53 7.458015267175573 4.427480916030534 END
START 6.534351145038168 0.15771484375 -0.07470703125 54 5.870229007633588 2.66412213740458 END
START 6.702290076335878 0.16845703125 -0.085205078125 55 9.290076335877863 2.1603053435114505 END
START 7.114503816793893 0.195556640625 -0.084228515625 56 10.15267175572519 3.122137404580153 END
START 6.5038167938931295 0.214599609375 -0.049072265625 57 10.106870229007633 2.9923664122137406 END
START 7.1603053435114505 0.2080078125 -0.050537109375 58 10.664122137404581 2.2061068702290076 END
START 7.244274809160306 0.205322265625 -0.027587890625 59 12.076335877862595 2.4885496183206106 END
START 7.083969465648855 0.2041015625 0.02490234375 60 11.16793893129771 2.6717557251908395 END
START 6.793893129770993 0.2109375 0.04150390625 61 11.183206106870228 2.885496183206107 END
START 6.4961832061068705 0.1904296875 0.081787109375 62 10.458015267175572 2.267175572519084 END
START 6.404580152671755 0.193603515625 0.10302734375 63 10.022900763358779 2.099236641221374 END
START 5.916030534351145 0.1826171875 0.139892578125 64 10.511450381679388 2.6412213740458017 END
START 4.977099236641221 0.1689453125 0.16455078125 65 7.312977099236641 2.6793893129770994 END
START 3.1755725190839694 0.1171875 0.25537109375 66 7.465648854961832 1.6641221374045803 END
START 2.2442748091603053 0.091064453125 0.235595703125 67 5.67175572519084 0.5343511450381679 END
START 1.534351145038168 0.084228515625 0.214599609375 68 2.3053435114503817 1.8778625954198473 END
START 1.099236641221374 0.09326171875 0.1884765625 69 0.6183206106870229 -0.6259541984732825 END
START 0.8702290076335878 0.103271484375 0.16162109375 70 -0.8473282442748091 -1.3282442748091603 END
START 0.6793893129770993 0.094970703125 0.155029296875 71 -2.015267175572519 -2.2519083969465647 END
START 0.4580152671755725 0.091796875 0.134521484375 72 -2.7938931297709924 -2.7404580152671754 END
START 1.8473282442748091 0.100341796875 0.12744140625 73 -3.3893129770992365 -2.7099236641221376 END
START -0.549618320610687 0.09521484375 0.108642578125 74 -3.5343511450381677 -2.9236641221374047 END
START -0.5114503816793893 0.112548828125 0.0576171875 75 -3.480916030534351 -3.519083969465649 END
START -0.3053435114503817 0.152587890625 0.02001953125 76 -2.717557251908397 -3.4885496183206106 END
START -0.48091603053435117 0.1669921875 0.019775390625 77 -2.618320610687023 -3.267175572519084 END
START -0.37404580152671757 0.1796875 -0.01416015625 78 -2.4732824427480917 -2.946564885496183 END
START -0.44274809160305345 0.20751953125 -0.0146484375 79 -1.900763358778626 -2.4198473282442747 END
START 0.015267175572519083 0.214111328125 -0.039306640625 80 -2.549618320610687 -2.145038167938931 END
START -0.15267175572519084 0.225341796875 -0.037353515625 81 -1.4427480916030535 -1.2213740458015268 END
START -0.2900763358778626 0.232177734375 -0.0390625 82 -2.3587786259541983 -0.5343511450381679 END
START -0.10687022900763359 0.232177734375 -0.05615234375 83 -1.9770992366412214 0.1984732824427481 END
START 0.007633587786259542 0.21875 -0.069580078125 84 -1.8778625954198473 0.6183206106870229 END
START -0.03816793893129771 0.233642578125 -0.06787109375 85 -2.0610687022900764 1.0 END
START 0.13740458015267176 0.21826171875 -0.06298828125 86 -2.145038167938931 0.7786259541984732 END
START 0.10687022900763359 0.19921875 -0.08642578125 87 -1.5190839694656488 0.4732824427480916 END
START 0.04580152671755725 0.1669921875 -0.076904296875 88 -1.3053435114503817 0.22900763358778625 END
START -0.05343511450381679 0.156005859375 -0.0830078125 89 -1.1068702290076335 -0.2595419847328244 END
START 0.11450381679389313 0.146728515625 -0.082275390625 90 -0.4351145038167939 -0.9770992366412213 END
START 0.1297709923664122 0.14404296875 -0.078369140625 91 0.1984732824427481 -1.534351145038168 END
START 0.022900763358778626 0.140380859375 -0.062255859375 92 0.5954198473282443 -1.5877862595419847 END
START -0.183206106870229 0.15234375 -0.048828125 93 0.7099236641221374 -1.786259541984733 END
START -0.3816793893129771 0.168701171875 -0.041748046875 94 0.9923664122137404 -1.7328244274809161 END
START -0.4732824427480916 0.191650390625 -0.041015625 95 1.0610687022900764 -1.1297709923664123 END
START -0.3511450381679389 0.209228515625 -0.05029296875 96 0.7938931297709924 -0.45038167938931295 END
START -0.09923664122137404 0.22802734375 -0.0546875 97 0.9618320610687023 0.015267175572519083 END
START 0.15267175572519084 0.2333984375 -0.06005859375 98 0.9236641221374046 0.03816793893129771 END
START 0.5572519083969466 0.243408203125 -0.0478515625 99 0.9465648854961832 0.2824427480916031 END
START 0.7251908396946565 0.236328125 -0.033447265625 100 0.9847328244274809 0.8549618320610687 END
START 0.6259541984732825 0.224853515625 -0.026123046875 101 0.7633587786259542 1.297709923664122 END
START 0.6106870229007634 0.20263671875 0.006591796875 102 0.8091603053435115 1.366412213740458 END
START 0.7175572519083969 0.175048828125 0.013671875 103 0.6717557251908397 0.3893129770992366 END
START 0.4732824427480916 0.167236328125 0.034912109375 104 0.1450381679389313 1.9236641221374047 END
START 0.08396946564885496 0.158447265625 0.031005859375 105 0.3969465648854962 -0.10687022900763359 END
START -0.21374045801526717 0.16943359375 0.038330078125 106 -0.2900763358778626 -0.061068702290076333 END
START 0.061068702290076333 0.186279296875 -0.001708984375 107 -0.2748091603053435 -0.4961832061068702 END
START -0.1450381679389313 0.197265625 0.002197265625 108 -0.46564885496183206 -0.2824427480916031 END
START -0.030534351145038167 0.208984375 -0.01025390625 109 -0.6717557251908397 0.5343511450381679 END
START 0.4732824427480916 0.218994140625 -0.037109375 110 -0.5725190839694656 0.5114503816793893 END
START 0.40458015267175573 0.205078125 -0.0224609375 111 -0.9083969465648855 0.46564885496183206 END
START 0.1984732824427481 0.18212890625 -0.021484375 112 -0.6564885496183206 0.12213740458015267 END
START 0.1297709923664122 0.174560546875 -0.025390625 113 -0.20610687022900764 0.1297709923664122 END
START 0.13740458015267176 0.1689453125 -0.025146484375 114 -0.12213740458015267 -0.4122137404580153 END
START -0.0916030534351145 0.178466796875 -0.01953125 115 0.19083969465648856 -0.46564885496183206 END
START -0.648854961832061 0.17578125 0.006591796875 116 -0.07633587786259542 -0.31297709923664124 END
START -0.40458015267175573 0.1865234375 -0.02197265625 117 0.11450381679389313 -0.04580152671755725 END
START -0.03816793893129771 0.19677734375 -0.020751953125 118 0.2748091603053435 -0.2595419847328244 END
START 0.15267175572519084 0.205322265625 -0.016845703125 119 0.17557251908396945 0.13740458015267176 END
START 0.022900763358778626 0.215087890625 -0.00927734375 120 0.1450381679389313 0.7099236641221374 END
START 0.35877862595419846 0.207275390625 -0.01171875 121 -0.19083969465648856 0.5725190839694656 END
START 0.16030534351145037 0.189208984375 -0.014892578125 122 -0.2824427480916031 0.3893129770992366 END
START 0.3053435114503817 0.1806640625 -0.010986328125 123 -0.13740458015267176 -0.24427480916030533 END
START -0.061068702290076333 0.16845703125 0.006591796875 124 -0.183206106870229 -0.3053435114503817 END
START -0.22137404580152673 0.15869140625 0.004638671875 125 -0.061068702290076333 -0.9618320610687023 END
START -0.40458015267175573 0.175048828125 -0.009033203125 126 1.9465648854961832 -0.9389312977099237 END
START -0.3435114503816794 0.197509765625 -0.02294921875 127 0.015267175572519083 -0.4961832061068702 END
START 0.04580152671755725 0.222900390625 -0.01611328125 128 -0.1297709923664122 0.4122137404580153 END
START 0.3969465648854962 0.228515625 -0.035400390625 129 -0.061068702290076333 1.1374045801526718 END