START 3.2519083969465647 0.195068359375 -0.02392578125 2 2.2290076335877864 -3.3282442748091605 END
START 3.4580152671755724 0.199462890625 -0.02099609375 3 2.6259541984732824 -3.816793893129771 END
START 3.2442748091603053 0.171875 0.0 4 2.7022900763358777 -4.801526717557252 END
START 2.786259541984733 0.1455078125 0.029052734375 5 3.045801526717557 -3.954198473282443 END
START 2.381679389312977 0.127685546875 0.048583984375 6 3.427480916030534 -6.488549618320611 END
START 1.0 0.114013671875 0.099853515625 7 2.519083969465649 -6.7251908396946565 END
START 1.900763358778626 0.124755859375 0.118408203125 8 1.3740458015267176 -7.061068702290076 END
START -0.22137404580152673 0.13330078125 0.06640625 9 1.3435114503816794 -7.938931297709924 END
START -0.03816793893129771 0.15087890625 0.0361328125 10 1.1755725190839694 -9.091603053435115 END
START 0.05343511450381679 0.163818359375 0.017822265625 11 -0.0916030534351145 -10.099236641221374 END
START 0.06870229007633588 0.16455078125 0.037841796875 12 2.053435114503817 -11.15267175572519 END
START -0.8702290076335878 0.1513671875 0.098388671875 13 0.5801526717557252 -12.114503816793894 END
START -1.6259541984732824 0.1826171875 0.093994140625 14 0.3893129770992366 -12.122137404580153 END
START -2.1755725190839694 0.2314453125 0.091552734375 15 0.6870229007633588 -11.900763358778626 END
START -2.3282442748091605 0.279296875 0.09521484375 16 0.44274809160305345 -10.83969465648855 END
START -3.33587786259542 0.29345703125 0.14208984375 17 0.5954198473282443 -7.893129770992366 END
START -5.259541984732825 0.330322265625 0.1982421875 18 -1.7404580152671756 -3.9389312977099236 END
START -5.854961832061068 0.361572265625 0.14599609375 19 -6.183206106870229 -0.13740458015267176 END
START -8.748091603053435 0.341552734375 0.233642578125 20 -5.450381679389313 0.12213740458015267 END
START -9.030534351145038 0.3828125 0.211181640625 21 -11.290076335877863 3.8091603053435112 END
START -9.84732824427481 0.32568359375 0.1416015625 22 -11.816793893129772 6.8320610687022905 END
START -8.396946564885496 0.3115234375 0.0751953125 23 -16.35114503816794 5.641221374045801 END
START -8.16030534351145 0.294921875 0.03076171875 24 -12.770992366412214 7.396946564885496 END
START -8.007633587786259 0.236083984375 0.058837890625 25 -15.580152671755725 9.221374045801527 END
START -9.725190839694656 0.19970703125 0.039794921875 26 -13.068702290076336 9.17557251908397 END
START -7.740458015267175 0.12744140625 0.034423828125 27 -12.854961832061068 5.625954198473282 END
START -8.396946564885496 0.089599609375 0.04345703125 28 -10.969465648854962 5.297709923664122 END
START -8.778625954198473 0.1083984375 0.016357421875 29 -11.778625954198473 5.885496183206107 END
START -8.030534351145038 0.119873046875 -0.05419921875 30 -11.198473282442748 4.297709923664122 END
START -6.938931297709924 0.143310546875 -0.0947265625 31 -9.0 1.3969465648854962 END
START -6.114503816793893 0.17919921875 -0.1201171875 32 -7.587786259541985 0.3816793893129771 END
START -5.755725190839694 0.204833984375 -0.107666015625 33 -7.977099236641221 0.9847328244274809 END
START -5.473282442748092 0.237060546875 -0.10791015625 34 -7.6106870229007635 1.83206106870229 END
START -5.015267175572519 0.243408203125 -0.130126953125 35 -8.534351145038167 1.6106870229007633 END
START -4.091603053435114 0.2724609375 -0.1923828125 36 -7.297709923664122 1.9465648854961832 END
START -3.3587786259541983 0.324951171875 -0.21240234375 37 -6.412213740458015 2.312977099236641 END
START -3.6259541984732824 0.37255859375 -0.288330078125 38 -6.244274809160306 2.7786259541984735 END
START -0.05343511450381679 0.400146484375 -0.32763671875 39 -4.259541984732825 4.351145038167939 END
START 0.5648854961832062 0.3798828125 -0.285888671875 40 -3.4885496183206106 5.473282442748092 END
START 1.5267175572519085 0.374267578125 -0.266357421875 41 -2.2213740458015265 6.557251908396947 END
START 2.0916030534351147 0.34228515625 -0.281005859375 42 -0.6641221374045801 7.3893129770992365 END
START 2.519083969465649 0.322265625 -0.26171875 43 0.9694656488549618 8.389312977099237 END
START 2.9618320610687023 0.283203125 -0.229248046875 44 1.618320610687023 8.83969465648855 END
START 3.045801526717557 0.2568359375 -0.192138671875 45 2.9770992366412212 8.625954198473282 END
START 3.854961832061069 0.244384765625 -0.1962890625 46 5.587786259541985 9.740458015267176 END
START 5.030534351145038 0.2353515625 -0.21923828125 47 4.541984732824427 6.656488549618321 END
START 3.9389312977099236 0.216064453125 -0.184326171875 48 5.778625954198473 5.061068702290076 END
START 6.267175572519084 0.197509765625 -0.15869140625 49 7.152671755725191 3.9923664122137406 END
START 6.030534351145038 0.1962890625 -0.098876953125 50 8.374045801526718 3.3206106870229006 END
START 5.473282442748092 0.178955078125 -0.06494140625 51 8.977099236641221 3.2519083969465647 END
START 4.916030534351145 0.18115234375 -0.061279296875 52 9.15267175572519 3.5267175572519083 END
START 4.412213740458015 0.180419921875 -0.02490234375 53 8.923664122137405 2.3206106870229006 END
START 4.938931297709924 0.197509765625 -0.052001953125 54 10.076335877862595 1.5419847328244274 END
START 5.32824427480916 0.210693359375 -0.03759765625 55 10.977099236641221 1.6412213740458015 END
START 5.824427480916031 0.23095703125 -0.010986328125 56 10.893129770992367 1.6488549618320612 END
START 6.091603053435114 0.23876953125 0.0234375 57 11.045801526717558 2.6717557251908395 END
START 5.030534351145038 0.20458984375 0.11669921875 58 10.0 3.2290076335877864 END
START 4.435114503816794 0.203857421875 0.137939453125 59 9.404580152671755 3.8396946564885495 END
START 3.351145038167939 0.19921875 0.169189453125 60 8.427480916030534 4.534351145038168 END
START 2.6717557251908395 0.18212890625 0.179443359375 61 5.877862595419847 5.015267175572519 END
START 2.4732824427480917 0.168212890625 0.156005859375 62 4.282442748091603 4.198473282442748 END
START 2.83206106870229 0.161376953125 0.138427734375 63 3.427480916030534 2.9618320610687023 END
START 2.595419847328244 0.1494140625 0.13720703125 64 2.0076335877862594 2.099236641221374 END
START 2.9236641221374047 0.15283203125 0.10400390625 65 0.030534351145038167 1.366412213740458 END
START 2.9236641221374047 0.128173828125 0.1064453125 66 0.11450381679389313 -0.2366412213740458 END
START 2.7709923664122136 0.095947265625 0.094970703125 67 -0.05343511450381679 -1.4045801526717556 END
START 2.450381679389313 0.087646484375 0.114013671875 68 -0.6335877862595419 -1.6793893129770991 END
START 1.900763358778626 0.07958984375 0.118896484375 69 -1.7633587786259541 -2.2290076335877864 END
START 1.6488549618320612 0.094482421875 0.092041015625 70 -0.9465648854961832 -2.2213740458015265 END
START 1.1908396946564885 0.100830078125 0.08154296875 71 -1.0610687022900764 -2.4122137404580153 END
START 0.5725190839694656 0.111572265625 0.07861328125 72 -1.3282442748091603 -2.8396946564885495 END
START 0.40458015267175573 0.142578125 0.04931640625 73 -1.3282442748091603 -2.9618320610687023 END
START 1.8473282442748091 0.1611328125 0.04345703125 74 -1.3893129770992367 -2.450381679389313 END
START -0.3435114503816794 0.1787109375 0.013671875 75 -2.068702290076336 -1.6488549618320612 END
START -0.1984732824427481 0.213134765625 -0.021728515625 76 -1.5648854961832062 -0.9312977099236641 END
START -0.13740458015267176 0.233154296875 -0.058349609375 77 -1.6870229007633588 0.3969465648854962 END
START 0.24427480916030533 0.217529296875 -0.07568359375 78 -1.2900763358778626 0.08396946564885496 END
START 0.061068702290076333 0.196044921875 -0.070068359375 79 -1.0916030534351144 0.1297709923664122 END
START 0.19083969465648856 0.17041015625 -0.064697265625 80 -1.015267175572519 -1.213740458015267 END
START 0.29770992366412213 0.15869140625 -0.06787109375 81 -0.1450381679389313 -1.7557251908396947 END
START 0.5343511450381679 0.160888671875 -0.072509765625 82 0.9465648854961832 -2.267175572519084 END
START 0.5038167938931297 0.158447265625 -0.035888671875 83 0.6870229007633588 -1.4885496183206106 END
START 0.48091603053435117 0.196044921875 -0.018310546875 84 1.7557251908396947 -0.5572519083969466 END
START 0.2366412213740458 0.205078125 -0.009521484375 85 1.2748091603053435 0.5343511450381679 END
START 0.33587786259541985 0.217041015625 -0.00537109375 86 0.7786259541984732 1.5267175572519085 END
START 0.5343511450381679 0.21826171875 0.009033203125 87 -1.8931297709923665 1.4961832061068703 END
START 0.11450381679389313 0.184326171875 0.027587890625 88 -0.5877862595419847 1.1297709923664123 END
START 0.3969465648854962 0.153076171875 -0.010009765625 89 -1.916030534351145 -0.3053435114503817 END
START 0.13740458015267176 0.15087890625 0.013916015625 90 -0.19083969465648856 -0.648854961832061 END
START -0.05343511450381679 0.15087890625 0.0107421875 91 0.015267175572519083 -1.3358778625954197 END
START 0.12213740458015267 0.182861328125 -0.0048828125 92 -0.05343511450381679 -1.1068702290076335 END
START 1.9465648854961832 0.208984375 -0.00634765625 93 0.13740458015267176 -0.33587786259541985 END
START 0.07633587786259542 0.223876953125 0.0126953125 94 -0.7709923664122137 1.0610687022900764 END
START 0.6412213740458015 0.20654296875 -0.0283203125 95 -0.7480916030534351 1.5877862595419847 END
START 0.44274809160305345 0.194091796875 -0.014892578125 96 -0.8396946564885496 1.7328244274809161 END
START -0.06870229007633588 0.170166015625 0.000732421875 97 -0.8549618320610687 0.3053435114503817 END
START -0.10687022900763359 0.15380859375 -0.02880859375 98 -0.3435114503816794 -0.5038167938931297 END
START -0.17557251908396945 0.150390625 -0.024658203125 99 0.19083969465648856 -1.2748091603053435 END
START 0.04580152671755725 0.18359375 -0.032958984375 100 0.1297709923664122 -1.3358778625954197 END
START 0.07633587786259542 0.208740234375 -0.03466796875 101 0.3435114503816794 -0.8625954198473282 END
START 0.16030534351145037 0.228759765625 -0.016845703125 102 0.3435114503816794 -0.030534351145038167 END
START 0.22900763358778625 0.224365234375 -0.018310546875 103 0.13740458015267176 1.3282442748091603 END
START 0.37404580152671757 0.201904296875 -0.007080078125 104 -0.03816793893129771 1.2061068702290076 END
START 0.15267175572519084 0.183349609375 -0.011962890625 105 -0.25190839694656486 1.4274809160305344 END
START -0.03816793893129771 0.159912109375 0.01416015625 106 -0.6335877862595419 0.4580152671755725 END
START -0.10687022900763359 0.154296875 -0.006591796875 107 -0.366412213740458 -0.45038167938931295 END
START -0.19083969465648856 0.153564453125 -0.009765625 108 -0.183206106870229 -0.8473282442748091 END
START 0.06870229007633588 0.166748046875 -0.02197265625 109 0.07633587786259542 -1.2595419847328244 END
START 0.11450381679389313 0.19921875 -0.025146484375 110 0.22900763358778625 -0.7404580152671756 END
START 0.022900763358778626 0.209716796875 -0.017822265625 111 0.0916030534351145 0.8015267175572519 END
START 0.4732824427480916 0.24853515625 -0.03564453125 112 -0.10687022900763359 1.3129770992366412 END