START 6.267175572519084 0.24267578125 -0.182373046875 2 3.5267175572519083 -3.7709923664122136 END
START 6.541984732824427 0.2099609375 -0.128173828125 3 4.022900763358779 -4.221374045801527 END
START 7.114503816793893 0.201416015625 -0.1171875 4 4.229007633587786 -4.488549618320611 END
START 7.358778625954199 0.170654296875 -0.114990234375 5 4.091603053435114 -5.603053435114504 END
START 7.732824427480916 0.18115234375 -0.114013671875 6 6.740458015267175 -7.083969465648855 END
START 8.83969465648855 0.197265625 -0.135498046875 7 8.099236641221374 -7.748091603053435 END
START 9.16793893129771 0.183837890625 -0.08544921875 8 8.473282442748092 -8.114503816793894 END
START 8.32824427480916 0.163818359375 -0.005126953125 9 8.442748091603054 -9.717557251908397 END
START 7.900763358778626 0.140869140625 0.02294921875 10 7.564885496183206 -8.419847328244275 END
START 7.33587786259542 0.11328125 0.0126953125 11 8.488549618320612 -10.381679389312977 END
START 5.8320610687022905 0.1220703125 0.05615234375 12 8.335877862595419 -10.129770992366412 END
START 3.282442748091603 0.06494140625 0.17041015625 13 6.3816793893129775 -11.16793893129771 END
START 1.4809160305343512 0.08544921875 0.150390625 14 5.427480916030534 -11.19083969465649 END
START 0.9770992366412213 0.119873046875 0.0712890625 15 3.9083969465648853 -12.580152671755725 END
START 1.3893129770992367 0.13671875 0.021728515625 16 4.541984732824427 -16.82442748091603 END
START 1.0 0.137939453125 0.072509765625 17 5.320610687022901 -18.34351145038168 END
START -0.7022900763358778 0.122314453125 0.16015625 18 5.740458015267175 -18.84732824427481 END
START -1.8549618320610688 0.161376953125 0.167236328125 19 2.8244274809160306 -18.755725190839694 END
START -3.3893129770992365 0.20947265625 0.17578125 20 1.8931297709923665 -17.72519083969466 END
START -4.229007633587786 0.261962890625 0.156982421875 21 -0.15267175572519084 -17.763358778625953 END
START -4.206106870229007 0.328857421875 0.08349609375 22 -0.5114503816793893 -16.46564885496183 END
START -4.526717557251908 0.38037109375 0.0908203125 23 -1.717557251908397 -14.98473282442748 END
START -4.038167938931298 0.41259765625 0.05224609375 24 -3.435114503816794 -13.16793893129771 END
START -4.32824427480916 0.391845703125 0.068115234375 25 -3.595419847328244 -11.34351145038168 END
START -5.213740458015267 0.393798828125 0.101806640625 26 -5.931297709923665 -8.572519083969466 END
START -6.290076335877862 0.359130859375 0.130126953125 27 -6.0458015267175576 -7.00763358778626 END
START -8.19083969465649 0.32763671875 0.127197265625 28 -8.312977099236642 -7.374045801526718 END
START -9.82442748091603 0.3125 0.152587890625 29 -10.236641221374045 -5.129770992366412 END
START -11.34351145038168 0.27294921875 0.1494140625 30 -13.427480916030534 -3.1526717557251906 END
START -13.458015267175572 0.216064453125 0.177734375 31 -17.16793893129771 -5.648854961832061 END
START -12.992366412213741 0.197265625 0.081298828125 32 -16.81679389312977 -6.122137404580153 END
START -11.587786259541986 0.22021484375 -0.033447265625 33 -14.236641221374045 -4.801526717557252 END
START -11.603053435114504 0.21044921875 0.012939453125 34 -13.80916030534351 -5.297709923664122 END
START -11.740458015267176 0.186767578125 0.0771484375 35 -13.419847328244275 -4.595419847328245 END
START -18.022900763358777 0.10302734375 0.18017578125 36 -16.81679389312977 -3.4198473282442747 END
START -20.931297709923665 0.11376953125 0.197021484375 37 -19.595419847328245 -0.3893129770992366 END
START -17.938931297709924 0.397216796875 -0.0673828125 38 -20.236641221374047 1.900763358778626 END
START -13.557251908396946 0.6337890625 -0.32666015625 39 -18.427480916030536 4.786259541984733 END
START -5.473282442748092 0.742431640625 -0.4775390625 40 -13.32824427480916 8.648854961832061 END
START 1.8778625954198473 0.703369140625 -0.41259765625 41 -11.312977099236642 9.954198473282442 END
START 3.3053435114503817 0.599853515625 -0.32421875 42 -7.351145038167939 16.053435114503817 END
START 6.343511450381679 0.513671875 -0.277587890625 43 -4.290076335877862 21.15267175572519 END
START 8.030534351145038 0.428955078125 -0.25341796875 44 -3.3206106870229006 23.900763358778626 END
START 7.732824427480916 0.336181640625 -0.118408203125 45 -3.3969465648854964 21.427480916030536 END
START 9.335877862595419 0.160888671875 -0.195556640625 46 1.7251908396946565 13.335877862595419 END
START 10.900763358778626 0.17578125 -0.235107421875 47 5.526717557251908 9.412213740458014 END
START 11.16793893129771 0.207763671875 -0.17431640625 48 9.687022900763358 7.66412213740458 END
START 9.877862595419847 0.2451171875 -0.094970703125 49 10.083969465648854 9.351145038167939 END
START 10.564885496183207 0.296142578125 -0.12109375 50 11.122137404580153 10.221374045801527 END
START 11.50381679389313 0.29150390625 -0.08056640625 51 13.603053435114504 12.419847328244275 END
START 5.282442748091603 0.169921875 0.10546875 52 7.175572519083969 13.099236641221374 END
START 3.8625954198473282 0.120361328125 0.096923828125 53 3.1908396946564888 9.022900763358779 END
START 5.824427480916031 0.078369140625 0.003662109375 54 2.6946564885496183 4.396946564885496 END
START 3.5114503816793894 0.0458984375 0.02880859375 55 2.282442748091603 3.6946564885496183 END
START 5.0458015267175576 0.085205078125 -0.025146484375 56 3.183206106870229 0.4580152671755725 END
START 5.557251908396947 0.15283203125 -0.028076171875 57 4.221374045801527 1.5954198473282444 END
START 6.0458015267175576 0.162109375 -0.059326171875 58 5.854961832061068 1.5038167938931297 END
START 7.221374045801527 0.199462890625 -0.088134765625 59 7.236641221374046 1.7099236641221374 END
START 7.816793893129771 0.220458984375 -0.1240234375 60 8.16030534351145 1.0381679389312977 END
START 7.801526717557252 0.12646484375 -0.026123046875 61 8.900763358778626 1.8473282442748091 END
START 5.679389312977099 0.11962890625 0.005126953125 62 7.488549618320611 0.45038167938931295 END
START 1.1068702290076335 0.089599609375 0.032958984375 63 7.748091603053435 -1.786259541984733 END
START -0.6641221374045801 0.1123046875 0.02294921875 64 3.427480916030534 1.900763358778626 END
START -1.534351145038168 0.11572265625 -0.004638671875 65 2.1603053435114505 -0.9541984732824428 END
START -1.4198473282442747 0.13623046875 -0.021728515625 66 0.2900763358778626 -1.6106870229007633 END
START -0.6946564885496184 0.135009765625 -0.046142578125 67 0.3816793893129771 -3.3435114503816794 END
START 0.3893129770992366 0.149169921875 -0.052001953125 68 0.3435114503816794 -3.83206106870229 END
START 0.3282442748091603 0.156494140625 -0.02685546875 69 0.12213740458015267 -2.8931297709923665 END
START 1.2595419847328244 0.187255859375 -0.04345703125 70 0.6106870229007634 -2.0229007633587788 END
START 1.900763358778626 0.1953125 -0.025390625 71 0.26717557251908397 -1.5419847328244274 END
START 2.2213740458015265 0.203125 -0.053955078125 72 1.3129770992366412 -1.8015267175572518 END
START 0.7557251908396947 0.15087890625 0.0224609375 73 1.9083969465648856 -0.9847328244274809 END
START 0.26717557251908397 0.148681640625 0.00439453125 74 -0.5419847328244275 -0.7557251908396947 END
START 0.25190839694656486 0.1826171875 -0.021484375 75 -0.5114503816793893 -0.3816793893129771 END
START 0.2900763358778626 0.172119140625 -0.03271484375 76 -0.5954198473282443 -0.05343511450381679 END
START 0.12213740458015267 0.198974609375 -0.039794921875 77 -0.6335877862595419 0.3435114503816794 END
START 0.19083969465648856 0.177978515625 -0.041015625 78 -0.732824427480916 -0.4580152671755725 END
START 0.33587786259541985 0.182861328125 -0.05810546875 79 -0.5343511450381679 -0.6641221374045801 END
START 0.16030534351145037 0.15771484375 -0.034423828125 80 -0.3893129770992366 -0.8015267175572519 END
START 0.17557251908396945 0.1689453125 -0.056640625 81 -0.6564885496183206 -1.0916030534351144 END
START 0.42748091603053434 0.169189453125 -0.062255859375 82 -0.6717557251908397 -2.0076335877862594 END
START -0.648854961832061 0.173583984375 -0.00341796875 83 -1.1068702290076335 -0.5343511450381679 END
START -0.2824427480916031 0.18798828125 -0.052490234375 84 -0.33587786259541985 -0.6641221374045801 END
START -0.5572519083969466 0.197509765625 -0.033203125 85 -0.3511450381679389 0.9007633587786259 END
START -0.3435114503816794 0.18798828125 -0.038818359375 86 -0.40458015267175573 0.4732824427480916 END
START -0.3282442748091603 0.191650390625 -0.0390625 87 -0.6412213740458015 0.7938931297709924 END
START -0.11450381679389313 0.184326171875 -0.056640625 88 -0.1450381679389313 0.32061068702290074 END
START -0.03816793893129771 0.17138671875 -0.03955078125 89 -0.07633587786259542 -0.12213740458015267 END
START -0.26717557251908397 0.15673828125 -0.035888671875 90 0.08396946564885496 -0.5343511450381679 END
START -0.17557251908396945 0.166015625 -0.041015625 91 0.42748091603053434 -0.9465648854961832 END
START -0.22900763358778625 0.18212890625 -0.03271484375 92 0.26717557251908397 -0.6717557251908397 END
START 0.10687022900763359 0.216064453125 -0.0556640625 93 -0.13740458015267176 0.48854961832061067 END
START 0.48091603053435117 0.22021484375 -0.047607421875 94 -0.22137404580152673 0.7862595419847328 END
START 0.6946564885496184 0.1953125 -0.052001953125 95 -0.5038167938931297 0.5954198473282443 END
START 0.6793893129770993 0.166015625 -0.041259765625 96 0.3435114503816794 0.4122137404580153 END
START 0.2595419847328244 0.147216796875 -0.0126953125 97 -0.09923664122137404 1.9389312977099236 END
START 0.1450381679389313 0.158203125 -0.047607421875 98 0.2824427480916031 -0.25190839694656486 END
START -1.9541984732824427 0.17333984375 -0.01806640625 99 -0.030534351145038167 -0.04580152671755725 END
START -0.015267175572519083 0.182861328125 -0.043212890625 100 0.030534351145038167 -0.17557251908396945 END
START 0.3969465648854962 0.18310546875 -0.033935546875 101 -0.022900763358778626 -0.48854961832061067 END
START -0.12213740458015267 0.1865234375 -0.022216796875 102 1.9465648854961832 0.31297709923664124 END
START 0.19083969465648856 0.205322265625 -0.0556640625 103 0.007633587786259542 0.8549618320610687 END
START 0.0916030534351145 0.196533203125 -0.0400390625 104 -0.29770992366412213 1.0381679389312977 END
START -1.9312977099236641 0.19921875 -0.03271484375 105 -0.33587786259541985 0.7557251908396947 END
START -0.29770992366412213 0.1591796875 -0.04345703125 106 -0.5114503816793893 0.022900763358778626 END
START -0.21374045801526717 0.160400390625 -0.045166015625 107 -0.22900763358778625 -0.1450381679389313 END
START -0.17557251908396945 0.164306640625 -0.051513671875 108 0.09923664122137404 -0.4580152671755725 END
START -0.26717557251908397 0.16845703125 -0.041748046875 109 -0.007633587786259542 -0.7022900763358778 END
START -0.35877862595419846 0.18603515625 -0.0615234375 110 0.1984732824427481 -0.7938931297709924 END
START 0.07633587786259542 0.213134765625 -0.05322265625 111 0.09923664122137404 -1.8625954198473282 END
START -0.04580152671755725 0.20458984375 -0.028564453125 112 -0.25190839694656486 0.7022900763358778 END
START 0.5725190839694656 0.202392578125 -0.06689453125 113 0.29770992366412213 0.48091603053435117 END