START 5.1603053435114505 0.221923828125 -0.105224609375 2 2.122137404580153 -3.3053435114503817 END
START 5.778625954198473 0.2021484375 -0.09228515625 3 2.3053435114503817 -2.9160305343511452 END
START 5.687022900763359 0.177490234375 -0.088623046875 4 3.0076335877862594 -3.732824427480916 END
START 5.854961832061068 0.16357421875 -0.07177734375 5 3.8396946564885495 -5.343511450381679 END
START 6.106870229007634 0.1806640625 -0.0791015625 6 4.229007633587786 -3.9770992366412212 END
START 6.442748091603053 0.16259765625 -0.0830078125 7 3.435114503816794 -5.404580152671755 END
START 6.022900763358779 0.130615234375 -0.0732421875 8 4.862595419847328 -7.068702290076335 END
START 6.282442748091603 0.098876953125 -0.069091796875 9 5.351145038167939 -10.709923664122137 END
START 7.740458015267175 0.072998046875 -0.052001953125 10 8.34351145038168 -12.366412213740459 END
START 4.190839694656488 0.060791015625 0.041748046875 11 8.221374045801527 -13.183206106870228 END
START 3.7099236641221376 0.12451171875 0.05908203125 12 7.099236641221374 -13.106870229007633 END
START 3.2977099236641223 0.149169921875 0.024169921875 13 8.938931297709924 -12.351145038167939 END
START 2.7404580152671754 0.20263671875 0.006591796875 14 8.641221374045802 -11.877862595419847 END
START 3.198473282442748 0.232666015625 -0.031982421875 15 9.755725190839694 -14.916030534351146 END
START 2.50381679389313 0.266845703125 0.0 16 10.099236641221374 -15.49618320610687 END
START 2.0610687022900764 0.282958984375 0.046875 17 10.297709923664122 -15.549618320610687 END
START 0.5954198473282443 0.275634765625 0.155029296875 18 10.442748091603054 -14.51908396946565 END
START -0.13740458015267176 0.276611328125 0.25439453125 19 7.396946564885496 -10.488549618320612 END
START -5.412213740458015 0.281982421875 0.330078125 20 2.6717557251908395 -7.114503816793893 END
START -7.595419847328245 0.28125 0.30322265625 21 -0.5343511450381679 -6.267175572519084 END
START -8.534351145038167 0.3359375 0.233154296875 22 -3.5877862595419847 -4.3893129770992365 END
START -8.86259541984733 0.359619140625 0.16357421875 23 -6.99236641221374 -3.015267175572519 END
START -8.625954198473282 0.3369140625 0.148681640625 24 -7.854961832061068 -2.0839694656488548 END
START -10.80916030534351 0.28515625 0.232421875 25 -9.946564885496183 -0.8244274809160306 END
START -12.603053435114504 0.220458984375 0.264404296875 26 -15.610687022900763 -1.8396946564885497 END
START -13.549618320610687 0.188232421875 0.212646484375 27 -16.083969465648856 -1.984732824427481 END
START -15.206106870229007 0.17138671875 0.20361328125 28 -18.450381679389313 -1.2213740458015268 END
START -16.786259541984734 0.16845703125 0.18212890625 29 -17.770992366412212 -0.22137404580152673 END
START -16.290076335877863 0.190673828125 0.1083984375 30 -20.85496183206107 -4.267175572519084 END
START -15.435114503816793 0.20947265625 -0.079345703125 31 -18.96946564885496 -4.648854961832061 END
START -12.01526717557252 0.19677734375 -0.026611328125 32 -16.0 -5.900763358778626 END
START -13.564885496183207 0.134033203125 0.06689453125 33 -15.122137404580153 -4.801526717557252 END
START -12.389312977099237 0.145263671875 0.009765625 34 -9.045801526717558 -1.534351145038168 END
START -13.854961832061068 0.108154296875 0.108154296875 35 -15.633587786259541 -3.4656488549618323 END
START -13.068702290076336 0.1318359375 0.026123046875 36 -12.206106870229007 -2.0 END
START -12.679389312977099 0.210693359375 -0.02294921875 37 -11.091603053435115 -1.3969465648854962 END
START -12.129770992366412 0.30078125 -0.0634765625 38 -11.335877862595419 -0.015267175572519083 END
START -11.122137404580153 0.36865234375 -0.09228515625 39 -11.374045801526718 1.83206106870229 END
START -10.198473282442748 0.407470703125 -0.107177734375 40 -12.13740458015267 2.8473282442748094 END
START -8.893129770992367 0.423583984375 -0.14501953125 41 -12.709923664122137 4.5038167938931295 END
START -7.908396946564886 0.42041015625 -0.1572265625 42 -12.587786259541986 5.061068702290076 END
START -6.305343511450381 0.398681640625 -0.174560546875 43 -11.259541984732824 5.366412213740458 END
START -5.190839694656488 0.375732421875 -0.19921875 44 -11.007633587786259 5.236641221374046 END
START -4.709923664122138 0.376953125 -0.182861328125 45 -10.50381679389313 7.022900763358779 END
START -3.381679389312977 0.381103515625 -0.19189453125 46 -11.67175572519084 7.931297709923665 END
START -2.1297709923664123 0.38037109375 -0.259765625 47 -9.664122137404581 7.763358778625954 END
START -0.44274809160305345 0.381591796875 -0.276611328125 48 -8.618320610687023 8.473282442748092 END
START 1.1755725190839694 0.385986328125 -0.294677734375 49 -8.572519083969466 9.427480916030534 END
START 4.145038167938932 0.38623046875 -0.305908203125 50 -8.893129770992367 9.099236641221374 END
START 6.549618320610687 0.34326171875 -0.3291015625 51 -4.709923664122138 10.17557251908397 END
START 7.3893129770992365 0.310546875 -0.226806640625 52 -4.9465648854961835 10.49618320610687 END
START 7.435114503816794 0.24853515625 -0.164794921875 53 -3.3587786259541983 10.854961832061068 END
START 9.488549618320612 0.29833984375 -0.24462890625 54 -2.1526717557251906 9.854961832061068 END
START 11.389312977099237 0.310302734375 -0.2890625 55 0.6335877862595419 9.442748091603054 END
START 12.076335877862595 0.332763671875 -0.267333984375 56 2.6412213740458017 9.450381679389313 END
START 13.534351145038167 0.3359375 -0.265380859375 57 2.954198473282443 9.709923664122137 END
START 14.709923664122137 0.362060546875 -0.2626953125 58 5.427480916030534 10.679389312977099 END
START 16.14503816793893 0.3681640625 -0.26416015625 59 6.625954198473282 11.65648854961832 END
START 16.389312977099237 0.373046875 -0.24609375 60 7.877862595419847 12.122137404580153 END
START 16.793893129770993 0.348876953125 -0.2333984375 61 8.320610687022901 11.114503816793894 END
START 17.427480916030536 0.314453125 -0.24072265625 62 11.587786259541986 11.335877862595419 END
START 12.15267175572519 0.264892578125 -0.115478515625 63 15.404580152671755 11.732824427480915 END
START 10.65648854961832 0.136962890625 -0.044921875 64 12.709923664122137 12.045801526717558 END
START 13.442748091603054 0.184326171875 -0.2568359375 65 16.328244274809162 8.51908396946565 END
START 12.98473282442748 0.1923828125 -0.117431640625 66 16.374045801526716 6.435114503816794 END
START 11.938931297709924 0.1767578125 -0.05078125 67 16.458015267175572 5.33587786259542 END
START 9.068702290076336 0.184326171875 0.068359375 68 16.076335877862597 5.717557251908397 END
START 4.4961832061068705 0.0927734375 0.210205078125 69 10.83206106870229 5.687022900763359 END
START 3.0 0.052734375 0.16357421875 70 8.106870229007633 3.4198473282442747 END
START 2.5114503816793894 0.058837890625 0.10986328125 71 7.732824427480916 1.6412213740458015 END
START 1.4351145038167938 0.022705078125 0.147216796875 72 3.435114503816794 -1.786259541984733 END
START 0.8396946564885496 0.041259765625 0.121337890625 73 3.4198473282442747 -3.8091603053435112 END
START -0.13740458015267176 0.09033203125 0.11279296875 74 1.4732824427480915 -4.282442748091603 END
START -1.1755725190839694 0.124755859375 0.08447265625 75 1.1221374045801527 -4.916030534351145 END
START -2.213740458015267 0.1611328125 0.11962890625 76 -3.045801526717557 -2.4580152671755724 END
START -3.351145038167939 0.17529296875 0.016357421875 77 -4.7251908396946565 -2.786259541984733 END
START -2.0610687022900764 0.19140625 -0.058349609375 78 -4.984732824427481 -1.748091603053435 END
START -2.0381679389312977 0.170654296875 -0.030517578125 79 -4.412213740458015 -2.4198473282442747 END
START -2.564885496183206 0.146484375 -0.054443359375 80 -2.9923664122137406 -1.7633587786259541 END
START -1.9770992366412214 0.154052734375 -0.076171875 81 -1.633587786259542 -1.9923664122137406 END
START -1.6564885496183206 0.16845703125 -0.066650390625 82 -0.4351145038167939 -1.4122137404580153 END
START -1.1984732824427482 0.175537109375 -0.054931640625 83 0.4122137404580153 -0.183206106870229 END
START -0.6641221374045801 0.199951171875 -0.047119140625 84 0.6335877862595419 0.8473282442748091 END
START -0.3511450381679389 0.188232421875 -0.03759765625 85 0.9694656488549618 0.9923664122137404 END
START -0.7480916030534351 0.16064453125 -0.007568359375 86 0.40458015267175573 1.1374045801526718 END
START -0.6259541984732825 0.148193359375 -0.014892578125 87 0.33587786259541985 0.7480916030534351 END
START -0.24427480916030533 0.161376953125 -0.017333984375 88 -0.11450381679389313 0.4732824427480916 END
START 0.03816793893129771 0.162353515625 -0.008056640625 89 -0.6412213740458015 -0.9083969465648855 END
START -0.22137404580152673 0.161376953125 -0.010009765625 90 -0.6335877862595419 -0.4580152671755725 END
START 0.2824427480916031 0.186767578125 -0.021728515625 91 -0.4580152671755725 -0.6259541984732825 END
START 0.33587786259541985 0.17236328125 -0.00537109375 92 -0.6793893129770993 -0.44274809160305345 END
START 0.15267175572519084 0.17236328125 -0.028076171875 93 -0.4580152671755725 0.08396946564885496 END
START -0.04580152671755725 0.18359375 -0.0126953125 94 -0.7480916030534351 0.5343511450381679 END
START 0.3511450381679389 0.17822265625 -0.039794921875 95 -0.3282442748091603 0.6030534351145038 END
START 0.08396946564885496 0.162841796875 -0.01513671875 96 -0.7709923664122137 0.7099236641221374 END
START -0.13740458015267176 0.150146484375 -0.024658203125 97 0.030534351145038167 -1.9541984732824427 END
START -0.5419847328244275 0.154296875 -0.005859375 98 -0.3969465648854962 0.40458015267175573 END
START -0.35877862595419846 0.1494140625 -0.028076171875 99 -0.022900763358778626 -0.2748091603053435 END
START -0.3053435114503817 0.1669921875 -0.03125 100 1.9236641221374047 -0.7786259541984732 END
START -0.46564885496183206 0.147705078125 -0.007080078125 101 0.3969465648854962 -0.48854961832061067 END
START -1.9541984732824427 0.19775390625 -0.029296875 102 -0.25190839694656486 0.42748091603053434 END
START -0.2595419847328244 0.2021484375 -0.0234375 103 0.03816793893129771 0.916030534351145 END
START -0.24427480916030533 0.186279296875 -0.025634765625 104 -0.26717557251908397 1.1526717557251909 END
START 0.10687022900763359 0.18603515625 -0.041015625 105 -0.2366412213740458 0.5725190839694656 END
START -0.15267175572519084 0.15478515625 -0.0146484375 106 -0.35877862595419846 0.1450381679389313 END
START -0.0916030534351145 0.14892578125 -0.025390625 107 -0.15267175572519084 -0.4198473282442748 END
START -0.20610687022900764 0.150390625 -0.025146484375 108 -0.015267175572519083 -0.5725190839694656 END
START -1.9541984732824427 0.15966796875 -0.021240234375 109 -0.1984732824427481 -1.16793893129771 END
START 0.12213740458015267 0.164794921875 -0.01806640625 110 -0.04580152671755725 -0.7938931297709924 END
START 0.0916030534351145 0.185546875 -0.01318359375 111 -0.732824427480916 0.46564885496183206 END
START 0.48091603053435117 0.19677734375 -0.042236328125 112 -0.5801526717557252 0.5267175572519084 END
START 0.4198473282442748 0.178955078125 -0.027099609375 113 -0.6946564885496184 0.7022900763358778 END
START 0.17557251908396945 0.17041015625 -0.011962890625 114 -0.8473282442748091 0.2900763358778626 END
START -0.29770992366412213 0.138671875 -0.00927734375 115 -0.3969465648854962 -0.06870229007633588 END
START 0.16793893129770993 0.149658203125 -0.034912109375 116 -0.030534351145038167 -0.5572519083969466 END
START -0.22900763358778625 0.151123046875 -0.0107421875 117 -0.06870229007633588 -0.5419847328244275 END
START -0.3816793893129771 0.16455078125 -0.017578125 118 -0.022900763358778626 -0.5801526717557252 END
START -0.3053435114503817 0.15673828125 -0.021728515625 119 0.183206106870229 -0.45038167938931295 END
START -0.10687022900763359 0.18701171875 -0.036865234375 120 0.25190839694656486 -0.07633587786259542 END
START 0.03816793893129771 0.19482421875 -0.031494140625 121 0.08396946564885496 0.3816793893129771 END
START 0.09923664122137404 0.18408203125 -0.024169921875 122 -0.2366412213740458 0.549618320610687 END
START 0.21374045801526717 0.173828125 -0.027587890625 123 -0.1984732824427481 0.35877862595419846 END
START 0.16030534351145037 0.15966796875 -0.0224609375 124 -0.20610687022900764 0.19083969465648856 END
START -0.061068702290076333 0.151123046875 -0.014404296875 125 -0.19083969465648856 -0.32061068702290074 END
START 0.030534351145038167 0.150390625 -0.022705078125 126 -0.030534351145038167 -0.7557251908396947 END
START -0.1297709923664122 0.14501953125 -0.02294921875 127 0.2748091603053435 -0.6717557251908397 END
START 0.24427480916030533 0.1689453125 -0.019287109375 128 0.4580152671755725 -1.0229007633587786 END
START 0.26717557251908397 0.17236328125 -0.020751953125 129 0.1297709923664122 -0.08396946564885496 END