START 6.748091603053435 0.190673828125 -0.07470703125 2 5.068702290076335 -0.32061068702290074 END
START 7.343511450381679 0.1845703125 -0.08251953125 3 5.091603053435114 -1.9770992366412214 END
START 6.6106870229007635 0.171875 -0.03662109375 4 5.893129770992366 -2.7404580152671754 END
START 6.816793893129771 0.180419921875 -0.05126953125 5 5.702290076335878 -3.282442748091603 END
START 7.312977099236641 0.17919921875 -0.05517578125 6 6.786259541984733 -3.183206106870229 END
START 6.8320610687022905 0.1943359375 -0.03173828125 7 6.190839694656488 -2.1068702290076335 END
START 6.022900763358779 0.1513671875 0.045654296875 8 5.603053435114504 -2.068702290076336 END
START 6.145038167938932 0.1484375 0.01025390625 9 5.809160305343512 -4.221374045801527 END
START 5.877862595419847 0.165771484375 -0.000732421875 10 5.122137404580153 -4.366412213740458 END
START 6.1679389312977095 0.16015625 -0.005859375 11 4.885496183206107 -5.709923664122138 END
START 6.534351145038168 0.15576171875 -0.0234375 12 4.549618320610687 -6.977099236641221 END
START 6.374045801526718 0.152099609375 -0.005615234375 13 4.8320610687022905 -7.511450381679389 END
START 6.038167938931298 0.12109375 0.016357421875 14 3.3435114503816794 -9.251908396946565 END
START 6.312977099236641 0.105224609375 0.014404296875 15 3.763358778625954 -11.83206106870229 END
START 6.00763358778626 0.09814453125 0.019287109375 16 4.679389312977099 -14.221374045801527 END
START 5.061068702290076 0.089599609375 0.07373046875 17 4.465648854961832 -15.709923664122137 END
START 3.9923664122137406 0.074951171875 0.123779296875 18 4.473282442748092 -17.27480916030534 END
START 2.6106870229007635 0.07373046875 0.17236328125 19 4.343511450381679 -17.580152671755727 END
START 0.5419847328244275 0.0888671875 0.222412109375 20 2.595419847328244 -18.358778625954198 END
START -0.7022900763358778 0.133544921875 0.208984375 21 2.9923664122137406 -18.015267175572518 END
START -2.5343511450381677 0.18603515625 0.229248046875 22 3.854961832061069 -15.687022900763358 END
START -4.595419847328245 0.22802734375 0.278564453125 23 -1.633587786259542 -14.274809160305344 END
START -5.801526717557252 0.278076171875 0.2431640625 24 -1.8015267175572518 -12.557251908396946 END
START -7.770992366412214 0.32275390625 0.251220703125 25 -4.183206106870229 -9.86259541984733 END
START -9.610687022900763 0.340576171875 0.228515625 26 -7.8396946564885495 -6.893129770992366 END
START -11.16793893129771 0.3173828125 0.201171875 27 -10.16793893129771 -4.282442748091603 END
START -11.412213740458014 0.33349609375 0.163330078125 28 -14.687022900763358 -4.511450381679389 END
START -13.213740458015268 0.305908203125 0.181640625 29 -14.282442748091603 -6.0458015267175576 END
START -13.961832061068701 0.31982421875 0.15087890625 30 -17.595419847328245 -4.458015267175573 END
START -13.290076335877863 0.373046875 0.025634765625 31 -18.46564885496183 -2.4198473282442747 END
START -12.625954198473282 0.3154296875 0.0 32 -18.99236641221374 -3.6946564885496183 END
START -13.84732824427481 0.227294921875 0.12158203125 33 -19.083969465648856 -4.557251908396947 END
START -16.366412213740457 0.1669921875 0.21240234375 34 -22.297709923664122 -4.251908396946565 END
START -18.885496183206108 0.15771484375 0.2490234375 35 -23.137404580152673 -4.320610687022901 END
START -17.732824427480917 0.1865234375 0.079833984375 36 -25.38167938931298 -2.145038167938931 END
START -18.52671755725191 0.23876953125 0.101806640625 37 -22.412213740458014 -1.1526717557251909 END
START -17.137404580152673 0.208251953125 0.01220703125 38 -22.435114503816795 2.900763358778626 END
START -17.458015267175572 0.292236328125 -0.0595703125 39 -21.229007633587788 5.00763358778626 END
START -15.541984732824428 0.298828125 -0.10595703125 40 -20.137404580152673 5.893129770992366 END
START -11.381679389312977 0.3447265625 -0.16552734375 41 -17.908396946564885 6.900763358778626 END
START -9.931297709923664 0.375732421875 -0.201904296875 42 -16.862595419847327 7.656488549618321 END
START -7.66412213740458 0.41259765625 -0.23828125 43 -16.290076335877863 7.358778625954199 END
START -4.312977099236641 0.413330078125 -0.29541015625 44 -15.351145038167939 6.732824427480916 END
START -0.20610687022900764 0.384521484375 -0.278076171875 45 -10.366412213740459 8.244274809160306 END
START 4.297709923664122 0.395263671875 -0.306640625 46 -6.984732824427481 7.8396946564885495 END
START 5.916030534351145 0.39599609375 -0.268310546875 47 -7.633587786259542 15.351145038167939 END
START 10.114503816793894 0.394287109375 -0.305419921875 48 -3.2595419847328246 15.679389312977099 END
START 15.038167938931299 0.412109375 -0.356201171875 49 0.5801526717557252 19.931297709923665 END
START 14.335877862595419 0.324462890625 -0.200927734375 50 0.9389312977099237 16.977099236641223 END
START 13.183206106870228 0.209716796875 -0.20166015625 51 4.305343511450381 9.992366412213741 END
START 8.82442748091603 0.06396484375 -0.195068359375 52 6.595419847328245 4.145038167938932 END
START 6.00763358778626 0.08203125 -0.18310546875 53 10.022900763358779 1.5877862595419847 END
START 6.755725190839694 0.190673828125 -0.20703125 54 16.603053435114504 1.816793893129771 END
START 7.595419847328245 0.22314453125 -0.11279296875 55 16.633587786259543 2.9389312977099236 END
START 7.969465648854962 0.2705078125 -0.085205078125 56 16.908396946564885 3.3282442748091605 END
START 7.908396946564886 0.234619140625 -0.002685546875 57 17.053435114503817 3.1068702290076335 END
START 7.282442748091603 0.174072265625 0.0751953125 58 14.885496183206106 2.786259541984733 END
START 3.1068702290076335 0.088134765625 0.2490234375 59 12.49618320610687 1.6106870229007633 END
START -0.6412213740458015 0.031005859375 0.3271484375 60 7.442748091603053 1.1450381679389312 END
START -1.213740458015267 0.03369140625 0.236572265625 61 0.9923664122137404 -0.8778625954198473 END
START -2.145038167938931 0.09228515625 0.17236328125 62 -3.7557251908396947 -1.8473282442748091 END
START -3.648854961832061 0.075927734375 0.144775390625 63 -4.885496183206107 -3.068702290076336 END
START -2.267175572519084 0.147216796875 0.02880859375 64 -6.030534351145038 -3.0076335877862594 END
START -1.5038167938931297 0.1787109375 -0.022216796875 65 -5.015267175572519 -2.5419847328244276 END
START -1.1984732824427482 0.19287109375 -0.046875 66 -4.198473282442748 -1.2748091603053435 END
START -0.8549618320610687 0.211669921875 -0.089111328125 67 -2.732824427480916 -0.1450381679389313 END
START -0.2824427480916031 0.209228515625 -0.103759765625 68 -2.549618320610687 0.8396946564885496 END
START -0.17557251908396945 0.195556640625 -0.110595703125 69 -1.381679389312977 0.549618320610687 END
START -0.6183206106870229 0.1826171875 -0.112548828125 70 -0.6793893129770993 0.8244274809160306 END
START -1.4427480916030535 0.156494140625 -0.083984375 71 -0.3969465648854962 0.007633587786259542 END
START -0.6564885496183206 0.16015625 -0.11865234375 72 0.5648854961832062 -0.7404580152671756 END
START -0.3969465648854962 0.158935546875 -0.10791015625 73 1.2900763358778626 -0.9923664122137404 END
START -0.6717557251908397 0.170654296875 -0.056640625 74 1.1221374045801527 -0.6183206106870229 END
START -1.015267175572519 0.173828125 -0.037109375 75 0.7862595419847328 -0.21374045801526717 END
START -0.022900763358778626 0.198974609375 -0.05322265625 76 1.916030534351145 0.13740458015267176 END
START 0.25190839694656486 0.20166015625 -0.03515625 77 1.8015267175572518 0.16030534351145037 END
START 0.4122137404580153 0.187255859375 -0.02197265625 78 -0.3816793893129771 0.7404580152671756 END
START 0.2595419847328244 0.17236328125 -0.0009765625 79 -0.6946564885496184 0.10687022900763359 END
START 0.17557251908396945 0.1572265625 -0.009033203125 80 -0.4198473282442748 -0.10687022900763359 END
START -0.03816793893129771 0.15673828125 -0.009033203125 81 -0.26717557251908397 0.04580152671755725 END
START 0.20610687022900764 0.166015625 -0.031494140625 82 -0.03816793893129771 -0.5877862595419847 END
START 0.022900763358778626 0.156494140625 -0.030517578125 83 0.16030534351145037 -0.6717557251908397 END
START -0.1450381679389313 0.177001953125 -0.029541015625 84 -0.0916030534351145 -0.20610687022900764 END
START 0.12213740458015267 0.199462890625 -0.049560546875 85 -0.20610687022900764 0.07633587786259542 END
START 0.3893129770992366 0.21728515625 -0.067626953125 86 -0.20610687022900764 0.46564885496183206 END
START 0.2748091603053435 0.18896484375 -0.0380859375 87 -0.46564885496183206 0.6030534351145038 END
START -1.900763358778626 0.182861328125 -0.0380859375 88 -0.7633587786259542 0.15267175572519084 END
START 0.19083969465648856 0.1611328125 -0.0771484375 89 0.030534351145038167 -0.2595419847328244 END
START -0.183206106870229 0.142822265625 -0.025390625 90 -0.46564885496183206 -0.6564885496183206 END
START -0.4351145038167939 0.150390625 -0.030029296875 91 -0.0916030534351145 -0.6793893129770993 END
START -0.3969465648854962 0.167724609375 -0.0390625 92 -0.022900763358778626 -0.7022900763358778 END
START -0.2824427480916031 0.197509765625 -0.04443359375 93 -0.12213740458015267 0.21374045801526717 END
START 0.08396946564885496 0.215087890625 -0.06396484375 94 0.20610687022900764 0.7786259541984732 END
START 0.20610687022900764 0.208251953125 -0.048828125 95 -0.11450381679389313 1.0916030534351144 END
START 0.10687022900763359 0.18896484375 -0.04638671875 96 -0.030534351145038167 0.9236641221374046 END
START 0.20610687022900764 0.169677734375 -0.042236328125 97 -0.015267175572519083 0.16030534351145037 END
START -0.07633587786259542 0.148681640625 -0.02490234375 98 1.916030534351145 -0.3969465648854962 END
START -0.15267175572519084 0.14501953125 -0.0263671875 99 0.09923664122137404 -1.099236641221374 END
START -0.2748091603053435 0.156982421875 -0.030029296875 100 -0.12213740458015267 -0.8702290076335878 END
START -0.48854961832061067 0.181396484375 -0.0302734375 101 0.06870229007633588 -0.3282442748091603 END
START -0.16030534351145037 0.207275390625 -0.048095703125 102 -0.2900763358778626 0.17557251908396945 END
START 0.022900763358778626 0.216552734375 -0.055419921875 103 -0.31297709923664124 0.916030534351145 END
START 0.0916030534351145 0.197265625 -0.051513671875 104 -0.366412213740458 0.8091603053435115 END
START -0.04580152671755725 0.16748046875 -0.03662109375 105 -0.5114503816793893 0.5267175572519084 END
START 0.0 0.151611328125 -0.05224609375 106 0.08396946564885496 -0.42748091603053434 END
START 0.030534351145038167 0.15380859375 -0.0439453125 107 0.08396946564885496 -0.6946564885496184 END
START -0.06870229007633588 0.153564453125 -0.0439453125 108 0.44274809160305345 -0.9618320610687023 END
START -0.16030534351145037 0.177001953125 -0.04150390625 109 0.7022900763358778 -0.9236641221374046 END
START -0.42748091603053434 0.18994140625 -0.046875 110 0.4198473282442748 0.5190839694656488 END
START -0.07633587786259542 0.219970703125 -0.04736328125 111 0.061068702290076333 0.6335877862595419 END
START -0.022900763358778626 0.2041015625 -0.060791015625 112 -0.04580152671755725 0.6946564885496184 END
START -0.022900763358778626 0.166748046875 -0.029541015625 113 -0.22900763358778625 0.366412213740458 END
START 0.061068702290076333 0.1669921875 -0.032958984375 114 -0.16793893129770993 0.09923664122137404 END
START 0.17557251908396945 0.163330078125 -0.036865234375 115 -0.07633587786259542 -0.1984732824427481 END
START 0.17557251908396945 0.16015625 -0.02490234375 116 -0.09923664122137404 -0.13740458015267176 END
START 0.1984732824427481 0.168701171875 -0.0361328125 117 0.35877862595419846 -0.17557251908396945 END