START 8.183206106870228 0.1982421875 -0.135498046875 2 3.618320610687023 -5.412213740458015 END
START 8.396946564885496 0.200927734375 -0.11767578125 3 3.5114503816793894 -6.702290076335878 END
START 9.534351145038167 0.175537109375 -0.12548828125 4 5.824427480916031 -7.755725190839694 END
START 9.068702290076336 0.14697265625 -0.073486328125 5 6.32824427480916 -8.206106870229007 END
START 8.358778625954198 0.118408203125 -0.023681640625 6 6.114503816793893 -9.389312977099237 END
START 8.312977099236642 0.107177734375 -0.04248046875 7 6.824427480916031 -11.65648854961832 END
START 8.114503816793894 0.11474609375 -0.038818359375 8 9.229007633587786 -13.114503816793894 END
START 7.290076335877862 0.1201171875 0.009033203125 9 8.648854961832061 -15.618320610687023 END
START 6.396946564885496 0.135986328125 0.048583984375 10 8.992366412213741 -13.267175572519085 END
START 5.305343511450381 0.13916015625 0.06005859375 11 8.80916030534351 -15.312977099236642 END
START 5.732824427480916 0.168212890625 0.0361328125 12 9.694656488549619 -16.00763358778626 END
START 5.083969465648855 0.19189453125 0.0732421875 13 11.725190839694656 -18.47328244274809 END
START 3.1908396946564888 0.204345703125 0.173095703125 14 10.595419847328245 -16.580152671755727 END
START 0.8244274809160306 0.19970703125 0.24609375 15 8.335877862595419 -15.061068702290076 END
START -0.1984732824427481 0.200927734375 0.24853515625 16 6.297709923664122 -15.427480916030534 END
START -1.702290076335878 0.21826171875 0.27001953125 17 6.33587786259542 -16.12213740458015 END
START -5.67175572519084 0.244140625 0.410888671875 18 3.3282442748091605 -12.366412213740459 END
START -8.908396946564885 0.325927734375 0.411376953125 19 -4.114503816793893 -7.442748091603053 END
START -9.442748091603054 0.395263671875 0.263671875 20 -7.473282442748092 -4.213740458015267 END
START -9.770992366412214 0.393310546875 0.207763671875 21 -9.435114503816793 -4.358778625954199 END
START -13.106870229007633 0.357177734375 0.335693359375 22 -11.580152671755725 -2.122137404580153 END
START -15.053435114503817 0.362548828125 0.328857421875 23 -18.732824427480917 3.267175572519084 END
START -14.65648854961832 0.353515625 0.132080078125 24 -22.17557251908397 6.267175572519084 END
START -12.633587786259541 0.3125 0.047119140625 25 -24.30534351145038 2.8625954198473282 END
START -11.15267175572519 0.264892578125 -0.053466796875 26 -19.923664122137403 -2.7557251908396947 END
START -8.50381679389313 0.177734375 0.0205078125 27 -16.740458015267176 -0.3282442748091603 END
START -10.259541984732824 0.09375 0.16162109375 28 -17.19083969465649 3.9923664122137406 END
START -9.908396946564885 0.05029296875 0.16357421875 29 -16.732824427480917 5.3893129770992365 END
START -11.977099236641221 0.05908203125 0.088623046875 30 -15.969465648854962 3.053435114503817 END
START -11.50381679389313 0.0888671875 0.022216796875 31 -12.725190839694656 1.5190839694656488 END
START -11.549618320610687 0.1171875 0.015869140625 32 -11.48091603053435 1.916030534351145 END
START -11.557251908396946 0.13525390625 0.0283203125 33 -11.770992366412214 2.6106870229007635 END
START -12.106870229007633 0.123291015625 0.055908203125 34 -9.786259541984732 1.4122137404580153 END
START -12.412213740458014 0.132568359375 0.012939453125 35 -10.67175572519084 1.183206106870229 END
START -12.923664122137405 0.185302734375 -0.0185546875 36 -9.900763358778626 0.05343511450381679 END
START -10.725190839694656 0.33642578125 -0.17529296875 37 -11.030534351145038 0.37404580152671757 END
START -8.374045801526718 0.470703125 -0.347900390625 38 -11.32824427480916 0.6793893129770993 END
START -5.9541984732824424 0.51806640625 -0.3369140625 39 -8.404580152671755 4.923664122137405 END
START -4.8320610687022905 0.524658203125 -0.30908203125 40 -9.236641221374045 6.412213740458015 END
START -3.1297709923664123 0.50390625 -0.33544921875 41 -9.65648854961832 7.145038167938932 END
START -1.4580152671755726 0.519287109375 -0.361572265625 42 -7.267175572519084 8.954198473282442 END
START -0.15267175572519084 0.5283203125 -0.363525390625 43 -7.465648854961832 10.557251908396946 END
START 0.6564885496183206 0.50244140625 -0.373779296875 44 -5.541984732824427 11.770992366412214 END
START 1.8854961832061068 0.47021484375 -0.365234375 45 -4.748091603053435 12.625954198473282 END
START 1.8854961832061068 0.4365234375 -0.321044921875 46 -2.0610687022900764 14.19083969465649 END
START 1.1221374045801527 0.3779296875 -0.24609375 47 -2.7022900763358777 14.580152671755725 END
START 1.16793893129771 0.3076171875 -0.255859375 48 -3.549618320610687 13.083969465648854 END
START 2.1755725190839694 0.26904296875 -0.287841796875 49 0.6183206106870229 12.061068702290076 END
START 3.6259541984732824 0.2744140625 -0.2685546875 50 1.6564885496183206 10.587786259541986 END
START 2.5877862595419847 0.20654296875 -0.17529296875 51 3.312977099236641 10.541984732824428 END
START 2.3206106870229006 0.136474609375 -0.1328125 52 2.7022900763358777 8.603053435114504 END
START 2.885496183206107 0.15478515625 -0.183837890625 53 5.984732824427481 8.717557251908397 END
START 2.946564885496183 0.148681640625 -0.18310546875 54 5.900763358778626 7.587786259541985 END
START 4.152671755725191 0.1630859375 -0.1962890625 55 6.290076335877862 5.854961832061068 END
START 6.083969465648855 0.228271484375 -0.253173828125 56 8.419847328244275 4.557251908396947 END
START 7.969465648854962 0.253662109375 -0.250732421875 57 8.801526717557252 4.526717557251908 END
START 10.045801526717558 0.290771484375 -0.222900390625 58 10.748091603053435 4.66412213740458 END
START 11.091603053435115 0.265625 -0.172119140625 59 12.526717557251908 6.068702290076335 END
START 10.13740458015267 0.2783203125 -0.03369140625 60 10.473282442748092 5.648854961832061 END
START 9.618320610687023 0.2607421875 -0.030029296875 61 10.977099236641221 5.854961832061068 END
START 9.969465648854962 0.257080078125 -0.0634765625 62 9.793893129770993 6.656488549618321 END
START 9.916030534351146 0.26708984375 -0.07275390625 63 11.603053435114504 6.702290076335878 END
START 10.19083969465649 0.2373046875 -0.0244140625 64 11.198473282442748 5.480916030534351 END
START 10.061068702290076 0.20458984375 -0.000244140625 65 12.305343511450381 5.801526717557252 END
START 9.358778625954198 0.16015625 0.07568359375 66 10.49618320610687 4.473282442748092 END
START 8.488549618320612 0.09423828125 0.115234375 67 10.51908396946565 3.549618320610687 END
START 6.519083969465649 0.05859375 0.2138671875 68 9.198473282442748 1.9618320610687023 END
START 4.0 0.0 0.259765625 69 7.488549618320611 2.030534351145038 END
START 2.0763358778625953 0.0087890625 0.281494140625 70 5.534351145038168 1.916030534351145 END
START 1.1374045801526718 0.0234375 0.230712890625 71 2.633587786259542 1.0458015267175573 END
START 0.48854961832061067 0.04736328125 0.189697265625 72 1.6488549618320612 -0.35877862595419846 END
START 0.31297709923664124 0.082763671875 0.138427734375 73 0.48854961832061067 -0.6564885496183206 END
START 0.6030534351145038 0.121337890625 0.093017578125 74 0.061068702290076333 -1.3740458015267176 END
START 0.6564885496183206 0.13134765625 0.0810546875 75 0.24427480916030533 -1.8091603053435115 END
START 0.48854961832061067 0.14208984375 0.083740234375 76 -0.16793893129770993 -1.7633587786259541 END
START 0.5038167938931297 0.15966796875 0.059326171875 77 -0.0916030534351145 -1.099236641221374 END
START 0.1450381679389313 0.1767578125 0.056640625 78 -1.1603053435114503 -0.8015267175572519 END
START 1.2900763358778626 0.194091796875 -0.02392578125 79 -1.2061068702290076 -0.9236641221374046 END
START 1.5954198473282444 0.22705078125 -0.03564453125 80 -1.7786259541984732 -0.7404580152671756 END
START 0.9389312977099237 0.204833984375 -0.0341796875 81 -0.8931297709923665 -0.3053435114503817 END
START -0.35877862595419846 0.15625 0.003173828125 82 -2.0763358778625953 0.5038167938931297 END
START -0.8625954198473282 0.147705078125 -0.04736328125 83 -3.9083969465648853 0.06870229007633588 END
START -0.7786259541984732 0.149169921875 -0.06591796875 84 -3.801526717557252 -1.1221374045801527 END
START -1.1221374045801527 0.133544921875 -0.086181640625 85 -0.6106870229007634 -1.6259541984732824 END
START -1.2061068702290076 0.149658203125 -0.066162109375 86 -0.2595419847328244 -1.381679389312977 END
START -0.8625954198473282 0.178466796875 -0.085205078125 87 0.9389312977099237 -1.4045801526717556 END
START -0.35877862595419846 0.199951171875 -0.07177734375 88 1.0305343511450382 -0.5267175572519084 END
START 0.37404580152671757 0.228271484375 -0.065185546875 89 0.7633587786259542 0.1984732824427481 END
START 0.6259541984732825 0.233642578125 -0.057373046875 90 0.5114503816793893 1.3053435114503817 END
START 0.3511450381679389 0.203857421875 -0.00439453125 91 0.061068702290076333 1.816793893129771 END
START -0.022900763358778626 0.180419921875 -0.015380859375 92 -0.6259541984732825 1.3206106870229009 END
START 0.04580152671755725 0.155517578125 0.00244140625 93 -0.6641221374045801 0.061068702290076333 END
START -0.22137404580152673 0.131591796875 0.0087890625 94 -0.6183206106870229 -0.26717557251908397 END
START -0.44274809160305345 0.125244140625 0.003662109375 95 -0.3969465648854962 -0.8778625954198473 END
START -0.4732824427480916 0.165283203125 -0.014404296875 96 -0.10687022900763359 -0.9465648854961832 END
START -0.7175572519083969 0.18505859375 -0.01025390625 97 -0.4198473282442748 -0.6183206106870229 END
START -0.5572519083969466 0.2177734375 -0.027587890625 98 -0.5419847328244275 -0.22900763358778625 END
START -0.17557251908396945 0.203857421875 -0.04052734375 99 -0.9007633587786259 1.9083969465648856 END
START 0.183206106870229 0.202880859375 -0.046875 100 -1.0 0.21374045801526717 END
START 0.6259541984732825 0.200439453125 -0.05419921875 101 -1.1450381679389312 0.32061068702290074 END
START 0.48091603053435117 0.18310546875 -0.0458984375 102 -0.7175572519083969 0.3435114503816794 END
START 0.40458015267175573 0.161865234375 -0.041015625 103 -0.26717557251908397 -0.2824427480916031 END
START 0.35877862595419846 0.143310546875 -0.041015625 104 0.19083969465648856 -0.48854961832061067 END
START 0.13740458015267176 0.16162109375 -0.0302734375 105 0.33587786259541985 -0.6717557251908397 END
START 0.12213740458015267 0.18603515625 -0.030517578125 106 0.31297709923664124 -0.6946564885496184 END
START 0.07633587786259542 0.201171875 -0.03369140625 107 0.3816793893129771 -0.48091603053435117 END
START 0.20610687022900764 0.196533203125 -0.03662109375 108 0.6564885496183206 -0.4732824427480916 END
START -0.22137404580152673 0.1982421875 -0.01416015625 109 0.22900763358778625 0.6335877862595419 END
START 0.06870229007633588 0.20361328125 -0.033203125 110 -0.13740458015267176 1.381679389312977 END
START 0.21374045801526717 0.1982421875 -0.0322265625 111 -0.24427480916030533 1.3893129770992367 END
START -0.04580152671755725 0.176513671875 -0.02978515625 112 -0.3893129770992366 0.7404580152671756 END
START -0.3053435114503817 0.1357421875 -0.02001953125 113 -0.09923664122137404 -0.48091603053435117 END
START -0.20610687022900764 0.146484375 -0.0185546875 114 -1.916030534351145 -1.0229007633587786 END
START -0.11450381679389313 0.144287109375 -0.021728515625 115 0.2748091603053435 -1.5038167938931297 END
START -0.08396946564885496 0.174560546875 -0.0244140625 116 0.183206106870229 -1.083969465648855 END
START 0.0916030534351145 0.225830078125 -0.0380859375 117 -0.2748091603053435 0.5725190839694656 END
START 0.48091603053435117 0.224365234375 -0.053466796875 118 -0.3435114503816794 1.1755725190839694 END
START 0.46564885496183206 0.20703125 -0.0390625 119 -0.5801526717557252 1.7786259541984732 END
START 0.2595419847328244 0.181884765625 -0.029296875 120 -0.7709923664122137 0.8931297709923665 END
START 0.03816793893129771 0.15478515625 -0.03564453125 121 -0.183206106870229 0.07633587786259542 END
START 0.007633587786259542 0.1279296875 -0.02392578125 122 -0.2824427480916031 -0.29770992366412213 END
START 1.9465648854961832 0.145751953125 -0.035400390625 123 0.6183206106870229 -1.0229007633587786 END
START 0.09923664122137404 0.164794921875 -0.028564453125 124 0.6412213740458015 -0.6641221374045801 END
START 1.916030534351145 0.17626953125 -0.029052734375 125 1.282442748091603 -0.0916030534351145 END
START 0.15267175572519084 0.205322265625 -0.038330078125 126 0.6564885496183206 1.6259541984732824 END
START 0.6030534351145038 0.219482421875 -0.044677734375 127 0.549618320610687 1.9083969465648856 END
START 0.4351145038167939 0.197998046875 -0.025390625 128 0.030534351145038167 1.6946564885496183 END
START 0.2748091603053435 0.1689453125 -0.015380859375 129 -0.0916030534351145 0.9770992366412213 END
START 0.12213740458015267 0.147705078125 -0.02392578125 130 -0.2824427480916031 0.183206106870229 END
START -0.022900763358778626 0.14453125 -0.02392578125 131 -0.06870229007633588 -0.8702290076335878 END
START -0.22900763358778625 0.154541015625 -0.022705078125 132 0.1297709923664122 -1.0381679389312977 END
START 0.03816793893129771 0.17236328125 -0.031005859375 133 0.4198473282442748 -1.0610687022900764 END