START 5.488549618320611 0.2470703125 -0.119873046875 2 -0.4732824427480916 -1.6259541984732824 END
START 7.534351145038168 0.2421875 -0.193359375 3 1.3282442748091603 -2.351145038167939 END
START 7.320610687022901 0.233642578125 -0.12841796875 4 3.282442748091603 -4.6183206106870225 END
START 8.129770992366412 0.189208984375 -0.062744140625 5 3.435114503816794 -5.3893129770992365 END
START 8.183206106870228 0.181640625 -0.078369140625 6 5.419847328244275 -3.3282442748091605 END
START 6.931297709923665 0.143798828125 -0.00439453125 7 3.8396946564885495 -4.748091603053435 END
START 7.33587786259542 0.14111328125 -0.0439453125 8 4.4961832061068705 -5.824427480916031 END
START 7.267175572519084 0.135009765625 -0.0439453125 9 5.717557251908397 -6.251908396946565 END
START 6.4961832061068705 0.102783203125 0.00634765625 10 4.824427480916031 -6.33587786259542 END
START 6.480916030534351 0.080322265625 0.001953125 11 4.923664122137405 -7.877862595419847 END
START 6.465648854961832 0.06591796875 -0.0009765625 12 6.213740458015267 -11.32824427480916 END
START 5.67175572519084 0.048095703125 0.047607421875 13 6.106870229007634 -12.595419847328245 END
START 4.419847328244275 0.065185546875 0.08447265625 14 5.847328244274809 -13.557251908396946 END
START 4.343511450381679 0.0927734375 0.05029296875 15 5.900763358778626 -15.770992366412214 END
START 4.236641221374046 0.127197265625 0.0703125 16 8.419847328244275 -17.908396946564885 END
START 2.480916030534351 0.19091796875 0.1796875 17 8.320610687022901 -17.954198473282442 END
START 0.08396946564885496 0.2783203125 0.2216796875 18 7.190839694656488 -12.48091603053435 END
START -2.4198473282442747 0.335693359375 0.223388671875 19 3.1374045801526718 -6.809160305343512 END
START -2.9389312977099236 0.370849609375 0.144775390625 20 2.198473282442748 -7.1603053435114505 END
START -2.0381679389312977 0.4189453125 0.062255859375 21 2.816793893129771 -6.351145038167939 END
START -2.633587786259542 0.43701171875 0.095947265625 22 1.213740458015267 -2.633587786259542 END
START -3.236641221374046 0.401123046875 0.1171875 23 -5.282442748091603 -0.03816793893129771 END
START -3.8396946564885495 0.3388671875 0.10205078125 24 -7.106870229007634 -1.4122137404580153 END
START -4.877862595419847 0.259521484375 0.133056640625 25 -7.015267175572519 -5.030534351145038 END
START -8.969465648854962 0.083251953125 0.242431640625 26 -7.145038167938932 -5.206106870229007 END
START -8.801526717557252 0.18701171875 0.14892578125 27 -14.045801526717558 -1.618320610687023 END
START -11.427480916030534 0.130126953125 0.212646484375 28 -11.114503816793894 -3.198473282442748 END
START -14.267175572519085 0.083251953125 0.284423828125 29 -13.625954198473282 -5.366412213740458 END
START -14.549618320610687 0.10302734375 0.163818359375 30 -14.969465648854962 -4.534351145038168 END
START -15.32824427480916 0.121337890625 0.132080078125 31 -14.923664122137405 -5.740458015267175 END
START -15.305343511450381 0.143798828125 0.080810546875 32 -14.763358778625955 -4.587786259541985 END
START -15.511450381679388 0.150146484375 0.087890625 33 -14.610687022900763 -4.2748091603053435 END
START -14.83969465648855 0.11572265625 0.056640625 34 -14.13740458015267 -2.8396946564885495 END
START -15.068702290076336 0.091796875 0.077880859375 35 -13.885496183206106 -2.3893129770992365 END
START -15.145038167938932 0.079345703125 0.082763671875 36 -13.83206106870229 -3.7480916030534353 END
START -14.236641221374045 0.142578125 -0.008544921875 37 -11.946564885496183 -3.4122137404580153 END
START -13.709923664122137 0.212158203125 -0.042724609375 38 -11.290076335877863 -2.7022900763358777 END
START -13.106870229007633 0.283203125 -0.072021484375 39 -11.17557251908397 -2.0839694656488548 END
START -11.320610687022901 0.4013671875 -0.177734375 40 -10.740458015267176 -0.9236641221374046 END
START -9.083969465648854 0.48193359375 -0.245361328125 41 -9.458015267175572 0.7251908396946565 END
START -7.213740458015267 0.4892578125 -0.2333984375 42 -9.427480916030534 1.8396946564885497 END
START -6.022900763358779 0.509033203125 -0.210205078125 43 -7.305343511450381 4.557251908396947 END
START -4.587786259541985 0.455322265625 -0.19921875 44 -9.198473282442748 4.465648854961832 END
START -3.381679389312977 0.44775390625 -0.203369140625 45 -7.297709923664122 5.229007633587786 END
START -3.0 0.41748046875 -0.171142578125 46 -6.679389312977099 7.175572519083969 END
START -2.5877862595419847 0.406982421875 -0.169189453125 47 -7.343511450381679 9.366412213740459 END
START -3.7022900763358777 0.391357421875 -0.179443359375 48 -7.519083969465649 9.954198473282442 END
START -1.4961832061068703 0.379150390625 -0.217529296875 49 -6.656488549618321 10.595419847328245 END
START 0.5190839694656488 0.39892578125 -0.22509765625 50 -6.458015267175573 12.374045801526718 END
START 2.9236641221374047 0.360107421875 -0.342529296875 51 -5.33587786259542 13.358778625954198 END
START 5.015267175572519 0.330078125 -0.305419921875 52 -4.038167938931298 12.458015267175572 END
START 6.984732824427481 0.3125 -0.30517578125 53 -2.801526717557252 13.129770992366412 END
START 7.091603053435114 0.270263671875 -0.23974609375 54 -0.03816793893129771 13.404580152671755 END
START 5.931297709923665 0.20068359375 -0.141357421875 55 -2.2977099236641223 13.389312977099237 END
START 5.625954198473282 0.18994140625 -0.1767578125 56 -0.648854961832061 10.236641221374045 END
START 5.236641221374046 0.186279296875 -0.18994140625 57 1.2061068702290076 9.82442748091603 END
START 5.694656488549619 0.191650390625 -0.1484375 58 1.4580152671755726 9.114503816793894 END
START 3.122137404580153 0.196533203125 -0.14599609375 59 1.8091603053435115 7.816793893129771 END
START 2.8625954198473282 0.203125 -0.166259765625 60 1.7328244274809161 6.190839694656488 END
START 3.786259541984733 0.24169921875 -0.219482421875 61 2.9083969465648853 5.106870229007634 END
START 5.236641221374046 0.30322265625 -0.2509765625 62 3.7709923664122136 4.3816793893129775 END
START 6.603053435114504 0.353271484375 -0.239990234375 63 4.0 3.717557251908397 END
START 8.358778625954198 0.36474609375 -0.248291015625 64 4.564885496183206 3.198473282442748 END
START 10.045801526717558 0.3740234375 -0.24560546875 65 5.984732824427481 3.2213740458015265 END
START 10.82442748091603 0.3505859375 -0.171630859375 66 7.022900763358779 3.4198473282442747 END
START 11.030534351145038 0.326171875 -0.101318359375 67 6.99236641221374 4.473282442748092 END
START 11.541984732824428 0.3212890625 -0.096923828125 68 7.511450381679389 5.435114503816794 END
START 12.702290076335878 0.2890625 -0.08447265625 69 9.572519083969466 6.557251908396947 END
START 12.32824427480916 0.23779296875 -0.017578125 70 10.786259541984732 6.038167938931298 END
START 9.435114503816793 0.152587890625 0.078125 71 12.687022900763358 3.3969465648854964 END
START 3.801526717557252 -0.0244140625 0.328125 72 8.786259541984732 3.198473282442748 END
START -1.0 -0.058349609375 0.311279296875 73 4.702290076335878 1.16793893129771 END
START -0.31297709923664124 0.04638671875 0.146484375 74 2.1526717557251906 -0.31297709923664124 END
START -0.732824427480916 0.0869140625 0.12060546875 75 1.282442748091603 -2.099236641221374 END
START -1.5190839694656488 0.106201171875 0.119873046875 76 0.2366412213740458 -2.145038167938931 END
START -0.7251908396946565 0.181884765625 0.043701171875 77 -0.6335877862595419 -1.748091603053435 END
START -0.07633587786259542 0.24169921875 -0.037841796875 78 -0.1297709923664122 -0.6335877862595419 END
START 0.6946564885496184 0.239501953125 -0.0732421875 79 -2.2213740458015265 -0.6564885496183206 END
START 0.24427480916030533 0.21728515625 -0.038330078125 80 -3.7709923664122136 -0.33587786259541985 END
START 0.29770992366412213 0.1650390625 -0.086181640625 81 -3.4122137404580153 -0.48854961832061067 END
START 0.22137404580152673 0.147216796875 -0.083984375 82 -2.969465648854962 -0.9694656488549618 END
START -0.03816793893129771 0.142333984375 -0.1044921875 83 -1.5038167938931297 -1.1145038167938932 END
START 1.9389312977099236 0.14892578125 -0.11328125 84 0.05343511450381679 -1.7938931297709924 END
START -0.22900763358778625 0.1865234375 -0.1044921875 85 0.7480916030534351 -0.5267175572519084 END
START -0.3053435114503817 0.2177734375 -0.100830078125 86 1.6717557251908397 0.6793893129770993 END
START 0.22900763358778625 0.244384765625 -0.10595703125 87 1.3511450381679388 0.0 END
START 0.2824427480916031 0.2236328125 -0.073486328125 88 1.1984732824427482 1.5877862595419847 END
START 0.2748091603053435 0.1767578125 -0.04833984375 89 1.8778625954198473 0.9083969465648855 END
START -0.0916030534351145 0.167236328125 -0.004150390625 90 1.5572519083969465 -0.061068702290076333 END
START 0.04580152671755725 0.141845703125 -0.015625 91 1.5190839694656488 -0.8549618320610687 END
START -0.13740458015267176 0.149169921875 0.010986328125 92 1.6259541984732824 -1.3587786259541985 END
START -0.549618320610687 0.153076171875 0.040283203125 93 0.6183206106870229 -1.0763358778625953 END
START -0.20610687022900764 0.1943359375 0.010009765625 94 -0.48091603053435117 -0.6564885496183206 END
START 0.3435114503816794 0.222412109375 -0.035400390625 95 -0.4122137404580153 -1.8549618320610688 END
START 0.5877862595419847 0.2216796875 -0.030029296875 96 -0.6641221374045801 0.7175572519083969 END
START 0.5801526717557252 0.189208984375 -0.0322265625 97 -0.8320610687022901 0.916030534351145 END
START 0.6335877862595419 0.1884765625 -0.042236328125 98 -0.6259541984732825 0.13740458015267176 END
START 0.6412213740458015 0.16455078125 -0.041015625 99 -0.5572519083969466 -0.25190839694656486 END
START 0.37404580152671757 0.163818359375 -0.0390625 100 -0.24427480916030533 -0.9236641221374046 END
START 0.5419847328244275 0.183837890625 -0.064208984375 101 0.15267175572519084 -1.2366412213740459 END
START 0.04580152671755725 0.176513671875 -0.041015625 102 0.08396946564885496 -1.1374045801526718 END
START -0.37404580152671757 0.1767578125 -0.022705078125 103 -0.5038167938931297 -0.7557251908396947 END
START -0.13740458015267176 0.19970703125 -0.036865234375 104 -0.366412213740458 -0.11450381679389313 END
START 0.35877862595419846 0.21435546875 -0.059814453125 105 1.9465648854961832 0.3435114503816794 END
START 0.35877862595419846 0.203857421875 -0.04248046875 106 0.1297709923664122 1.1450381679389312 END
START 0.4961832061068702 0.198486328125 -0.03955078125 107 0.10687022900763359 1.099236641221374 END
START 0.17557251908396945 0.176513671875 -0.021728515625 108 1.916030534351145 0.9236641221374046 END
START 0.22900763358778625 0.1552734375 -0.038818359375 109 0.4351145038167939 -0.3969465648854962 END
START -0.08396946564885496 0.160400390625 -0.02197265625 110 0.16793893129770993 -0.4580152671755725 END
START -0.1297709923664122 0.1787109375 -0.038818359375 111 0.42748091603053434 -0.5419847328244275 END
START -0.10687022900763359 0.1748046875 -0.035888671875 112 0.4122137404580153 -0.549618320610687 END
START 0.03816793893129771 0.1943359375 -0.036376953125 113 0.3511450381679389 -0.2748091603053435 END
START -0.37404580152671757 0.202392578125 -0.016357421875 114 0.1450381679389313 0.7557251908396947 END
START -1.9465648854961832 0.2041015625 -0.046875 115 -0.37404580152671757 1.2290076335877862 END
START 0.15267175572519084 0.199951171875 -0.0400390625 116 -0.4122137404580153 1.251908396946565 END
START 1.900763358778626 0.186767578125 -0.015869140625 117 -0.5114503816793893 0.48854961832061067 END
START -0.07633587786259542 0.158447265625 -0.02587890625 118 -0.6106870229007634 1.8625954198473282 END
START -0.21374045801526717 0.151123046875 -0.037109375 119 0.1297709923664122 -0.3816793893129771 END
START 0.015267175572519083 0.161865234375 -0.032958984375 120 0.17557251908396945 -1.0076335877862594 END
START -0.22900763358778625 0.178466796875 -0.04443359375 121 0.5267175572519084 -0.916030534351145 END
START -0.15267175572519084 0.203857421875 -0.04052734375 122 0.648854961832061 -0.35877862595419846 END
START 0.1297709923664122 0.2236328125 -0.049560546875 123 0.6183206106870229 0.7404580152671756 END
START 0.42748091603053434 0.232421875 -0.04248046875 124 0.07633587786259542 1.251908396946565 END
START 0.5572519083969466 0.19580078125 -0.037353515625 125 0.04580152671755725 1.099236641221374 END
START 0.32061068702290074 0.16943359375 -0.02197265625 126 -0.3816793893129771 0.8015267175572519 END
START 0.24427480916030533 0.1572265625 -0.0146484375 127 -0.3282442748091603 -0.16030534351145037 END
START 0.030534351145038167 0.156005859375 -0.023193359375 128 -0.183206106870229 -0.5114503816793893 END
START 0.015267175572519083 0.167724609375 -0.03759765625 129 0.12213740458015267 -1.0687022900763359 END
START -0.22900763358778625 0.186767578125 -0.045654296875 130 0.061068702290076333 -1.0381679389312977 END
START 0.03816793893129771 0.19140625 -0.049560546875 131 0.3282442748091603 -0.24427480916030533 END